Pos	A	C	G	T
1	0.083333333333275	0.270833333332919	0.127604166666962	0.518229166666844
2	0.707446808510646	0.0345744680850827	0.0452127659573774	0.212765957446894
3	0.11965811965812	0.16025641025616	0.0256410256410256	0.694444444444694
4	0.0353982300884823	0.0123893805309938	0.315044247787842	0.637168141592681
5	0.335106382978899	0.0	0.654255319148804	0.0106382978722968
6	0.705882352940718	0.133126934984947	0.00619195046439752	0.154798761609938
7	0.0261780104711948	0.952879581151809	0.0	0.0209424083769958
8	0.0	0.949602122015905	0.0	0.050397877984095
9	0.248021108179179	0.0052770448548838	0.720316622691519	0.026385224274419
10	0.0837320574162498	0.41626794258375	0.41626794258375	0.0837320574162498
11	0.026385224274419	0.720316622691519	0.0052770448548838	0.248021108179179
12	0.050397877984095	0.0	0.949602122015905	0.0
13	0.0209424083769958	0.0	0.952879581151809	0.0261780104711948
14	0.154798761609938	0.00619195046439752	0.133126934984947	0.705882352940718
15	0.0106382978722968	0.654255319148804	0.0	0.335106382978899
16	0.637168141592681	0.315044247787842	0.0123893805309938	0.0353982300884823
17	0.694444444444694	0.0256410256410256	0.16025641025616	0.11965811965812
18	0.212765957446894	0.0452127659573774	0.0345744680850827	0.707446808510646
19	0.518229166666845	0.127604166666962	0.270833333332919	0.083333333333275
