Pos	A	C	G	T
1	0.156306	0.440497	0.147425	0.255773
2	0.209591	0.474245	0.090586	0.225577
3	0.310835	0.12611	0.287744	0.275311
4	0.115453	0.479574	0.133215	0.271758
5	0.181172	0.648313	0.028419	0.142096
6	0.168739	0.08881	0.376554	0.365897
7	0.033748	0.742451	0.154529	0.069272
8	0.024867	0.975133	0.0	0.0
9	0.031972	0.0	0.968028	0.0
10	0.0	0.992895	0.0	0.007105
11	0.0	1.0	0.0	0.0
12	0.012433	0.0	0.975133	0.012433
13	0.0	0.94849	0.0	0.05151
14	0.094139	0.83659	0.01421	0.055062
15	0.506217	0.0	0.380107	0.113677
16	0.120782	0.383659	0.083481	0.412078
17	0.275311	0.293073	0.062167	0.369449
18	0.280639	0.076377	0.264654	0.37833
19	0.150977	0.419183	0.108348	0.321492
20	0.241563	0.410302	0.115453	0.232682
21	0.261101	0.17762	0.323268	0.238011
