Pos	A	C	G	T
1	0.383178	0.130841	0.32243	0.163551
2	0.044393	0.0	0.948598	0.007009
3	0.399533	0.056075	0.268692	0.275701
4	0.985981	0.0	0.004673	0.009346
5	0.004673	0.051402	0.004673	0.939252
6	0.065421	0.857477	0.007009	0.070093
7	0.257009	0.191589	0.086449	0.464953
8	0.366822	0.13785	0.149533	0.345794
9	0.602804	0.03271	0.156542	0.207944
10	0.007009	0.004673	0.957944	0.030374
11	1.0	0.0	0.0	0.0
12	0.0	0.0	0.0	1.0
13	0.03271	0.014019	0.011682	0.941589
14	0.0	1.0	0.0	0.0
15	0.128505	0.275701	0.147196	0.448598
16	0.338785	0.165888	0.214953	0.280374
17	0.294393	0.212617	0.100467	0.392523
