Pos	A	C	G	T
1	0.223368	0.333333	0.142612	0.300687
2	0.216495	0.446735	0.104811	0.231959
3	0.261168	0.120275	0.300687	0.317869
4	0.109966	0.445017	0.149485	0.295533
5	0.049828	0.90378	0.013746	0.032646
6	0.754296	0.0	0.245704	0.0
7	0.0	1.0	0.0	0.0
8	0.0	1.0	0.0	0.0
9	0.0	0.0	1.0	0.0
10	0.781787	0.158076	0.001718	0.058419
11	0.0	1.0	0.0	0.0
12	0.69244	0.139175	0.092784	0.075601
13	0.329897	0.21134	0.061856	0.396907
14	0.286942	0.268041	0.123711	0.321306
15	0.292096	0.108247	0.274914	0.324742
16	0.249141	0.340206	0.164948	0.245704
17	0.216495	0.407216	0.151203	0.225086
18	0.293814	0.242268	0.235395	0.228522
19	0.235395	0.319588	0.147766	0.297251
20	0.204467	0.364261	0.154639	0.276632
