Pos	A	C	G	T
1	0.147727	0.511364	0.113636	0.227273
2	0.284091	0.136364	0.323864	0.255682
3	0.125	0.607955	0.096591	0.170455
4	0.159091	0.590909	0.079545	0.170455
5	0.238636	0.107955	0.409091	0.244318
6	0.136364	0.630682	0.119318	0.113636
7	0.176136	0.625	0.039773	0.159091
8	0.238636	0.1875	0.375	0.198864
9	0.096591	0.5	0.107955	0.295455
10	0.119318	0.732955	0.022727	0.125
11	0.244318	0.022727	0.375	0.357955
12	0.017045	0.8125	0.119318	0.051136
13	0.034091	0.954545	0.011364	0.0
14	0.005682	0.0	0.994318	0.0
15	0.005682	0.994318	0.0	0.0
16	0.0	0.994318	0.0	0.005682
17	0.0	0.0	0.988636	0.011364
18	0.0	0.914773	0.005682	0.079545
19	0.113636	0.835227	0.011364	0.039773
20	0.517045	0.051136	0.352273	0.079545
21	0.136364	0.414773	0.034091	0.414773
