Pos	A	C	G	T
1	0.255692	0.204904	0.241681	0.297723
2	0.138354	0.504378	0.129597	0.227671
3	0.192644	0.478109	0.119089	0.210158
4	0.309982	0.154116	0.309982	0.225919
5	0.187391	0.500876	0.129597	0.182137
6	0.14711	0.544658	0.098074	0.210158
7	0.243433	0.168126	0.30648	0.281961
8	0.157618	0.495622	0.085814	0.260946
9	0.201401	0.567426	0.017513	0.21366
10	0.264448	0.112084	0.302977	0.32049
11	0.061296	0.598949	0.131349	0.208406
12	0.04028	0.942207	0.010508	0.007005
13	0.06655	0.0	0.784588	0.148862
14	0.0	1.0	0.0	0.0
15	0.0	1.0	0.0	0.0
16	0.047285	0.0	0.952715	0.0
17	0.008757	0.894921	0.0	0.096322
18	0.059545	0.924694	0.0	0.015762
19	0.341506	0.0	0.565674	0.09282
20	0.077058	0.542907	0.073555	0.30648
21	0.250438	0.318739	0.150613	0.28021
