Pos	A	C	G	T
1	0.198594	0.333919	0.15993	0.307557
2	0.219684	0.391916	0.105448	0.282953
3	0.242531	0.158172	0.26362	0.335677
4	0.15993	0.428822	0.140598	0.27065
5	0.184534	0.572935	0.056239	0.186292
6	0.267135	0.093146	0.339192	0.300527
7	0.075571	0.613357	0.216169	0.094903
8	0.098418	0.892794	0.0	0.008787
9	0.001757	0.0	0.998243	0.0
10	0.0	1.0	0.0	0.0
11	0.001757	0.998243	0.0	0.0
12	0.0	0.0	1.0	0.0
13	0.043937	0.673111	0.005272	0.27768
14	0.128295	0.818981	0.0	0.052724
15	0.609842	0.0	0.258348	0.13181
16	0.200351	0.242531	0.063269	0.493849
17	0.295255	0.216169	0.077329	0.411248
18	0.275923	0.13884	0.217926	0.367311
19	0.173989	0.367311	0.130053	0.328647
20	0.212654	0.379613	0.133568	0.274165
