Pos	A	C	G	T
1	0.169014	0.623239	0.049296	0.158451
2	0.371479	0.132042	0.228873	0.267606
3	0.09507	0.619718	0.09507	0.190141
4	0.091549	0.734155	0.065141	0.109155
5	0.334507	0.0	0.445423	0.22007
6	0.110915	0.674296	0.024648	0.190141
7	0.102113	0.757042	0.024648	0.116197
8	0.316901	0.058099	0.427817	0.197183
9	0.110915	0.600352	0.052817	0.235915
10	0.116197	0.714789	0.042254	0.126761
11	0.290493	0.056338	0.360915	0.292254
12	0.065141	0.598592	0.066901	0.269366
13	0.06162	0.815141	0.008803	0.114437
14	0.43838	0.005282	0.419014	0.137324
15	0.040493	0.892606	0.024648	0.042254
16	0.042254	0.926056	0.007042	0.024648
17	0.132042	0.008803	0.783451	0.075704
18	0.167254	0.510563	0.042254	0.27993
19	0.033451	0.926056	0.005282	0.035211
20	0.482394	0.015845	0.332746	0.169014
