Pos	A	C	G	T
1	0.293436	0.111969	0.196911	0.397683
2	0.003861	0.779923	0.03861	0.177606
3	0.100386	0.888031	0.011583	0.0
4	0.602317	0.0	0.220077	0.177606
5	0.011583	0.988417	0.0	0.0
6	0.0	0.988417	0.011583	0.0
7	0.324324	0.0	0.6139	0.061776
8	0.065637	0.826255	0.0	0.108108
9	0.057915	0.84556	0.003861	0.092664
10	0.428571	0.023166	0.378378	0.169884
11	0.162162	0.571429	0.084942	0.181467
12	0.158301	0.633205	0.003861	0.204633
13	0.366795	0.061776	0.297297	0.274131
14	0.07722	0.671815	0.081081	0.169884
15	0.158301	0.76834	0.03861	0.034749
16	0.447876	0.019305	0.374517	0.158301
17	0.046332	0.706564	0.111969	0.135135
18	0.092664	0.737452	0.011583	0.158301
19	0.196911	0.057915	0.436293	0.30888
20	0.081081	0.714286	0.054054	0.150579
21	0.169884	0.629344	0.054054	0.146718
