Pos	A	C	G	T
1	0.275	0.12	0.255	0.35
2	0.116667	0.485	0.15	0.248333
3	0.138333	0.771667	0.048333	0.041667
4	0.046667	0.016667	0.751667	0.185
5	0.0	0.795	0.181667	0.023333
6	0.03	0.966667	0.003333	0.0
7	0.006667	0.0	0.993333	0.0
8	0.006667	0.943333	0.01	0.04
9	0.041667	0.956667	0.001667	0.0
10	0.175	0.005	0.783333	0.036667
11	0.065	0.441667	0.056667	0.436667
12	0.313333	0.401667	0.041667	0.243333
13	0.46	0.03	0.215	0.295
14	0.196667	0.368333	0.07	0.365
15	0.283333	0.343333	0.091667	0.281667
16	0.216667	0.101667	0.34	0.341667
17	0.143333	0.41	0.17	0.276667
18	0.258333	0.415	0.108333	0.218333
