Pos	A	C	G	T
1	0.166387	0.463866	0.122689	0.247059
2	0.196639	0.467227	0.12437	0.211765
3	0.284034	0.137815	0.314286	0.263866
4	0.154622	0.527731	0.12437	0.193277
5	0.191597	0.492437	0.12437	0.191597
6	0.272269	0.139496	0.369748	0.218487
7	0.109244	0.546218	0.105882	0.238655
8	0.171429	0.584874	0.045378	0.198319
9	0.272269	0.077311	0.319328	0.331092
10	0.057143	0.616807	0.142857	0.183193
11	0.198319	0.757983	0.015126	0.028571
12	0.070588	0.0	0.855462	0.07395
13	0.005042	0.991597	0.0	0.003361
14	0.011765	0.988235	0.0	0.0
15	0.072269	0.0	0.92437	0.003361
16	0.0	0.94958	0.0	0.05042
17	0.0	1.0	0.0	0.0
18	0.297479	0.0	0.593277	0.109244
19	0.043697	0.512605	0.087395	0.356303
20	0.205042	0.421849	0.131092	0.242017
21	0.366387	0.048739	0.356303	0.228571
