Pos	A	C	G	T
1	0.172589	0.417936	0.155668	0.253807
2	0.203046	0.445008	0.120135	0.23181
3	0.248731	0.191201	0.326565	0.233503
4	0.159052	0.436548	0.169205	0.235195
5	0.189509	0.443316	0.155668	0.211506
6	0.233503	0.143824	0.341794	0.28088
7	0.130288	0.489002	0.137056	0.243655
8	0.153976	0.507614	0.138748	0.199662
9	0.28088	0.164129	0.357022	0.19797
10	0.14044	0.490694	0.1489	0.219966
11	0.143824	0.538071	0.106599	0.211506
12	0.274112	0.137056	0.404399	0.184433
13	0.138748	0.494078	0.142132	0.225042
14	0.19797	0.551607	0.067682	0.182741
15	0.252115	0.093063	0.384095	0.270728
16	0.055838	0.551607	0.208122	0.184433
17	0.175973	0.805415	0.013536	0.005076
18	0.025381	0.0	0.930626	0.043993
19	0.0	0.989848	0.010152	0.0
20	0.011844	0.988156	0.0	0.0
21	0.028765	0.0	0.964467	0.006768
22	0.006768	0.886633	0.010152	0.096447
23	0.0	0.996616	0.003384	0.0
24	0.407783	0.0	0.461929	0.130288
