Pos	A	C	G	T
1	0.084775	0.636678	0.086505	0.192042
2	0.140138	0.676471	0.038062	0.145329
3	0.366782	0.115917	0.271626	0.245675
4	0.038062	0.641869	0.076125	0.243945
5	0.072664	0.802768	0.031142	0.093426
6	0.269896	0.00346	0.389273	0.33737
7	0.034602	0.861592	0.044983	0.058824
8	0.00173	0.982699	0.012111	0.00346
9	0.410035	0.00173	0.577855	0.010381
10	0.00519	0.99481	0.0	0.0
11	0.0	1.0	0.0	0.0
12	0.089965	0.00346	0.873702	0.032872
13	0.122837	0.693772	0.012111	0.17128
14	0.051903	0.856401	0.0	0.091696
15	0.482699	0.129758	0.188581	0.198962
