Pos	A	C	G	T
1	0.32047	0.124161	0.16443	0.39094
2	0.057047	0.582215	0.115772	0.244966
3	0.067114	0.840604	0.015101	0.077181
4	0.161074	0.031879	0.354027	0.45302
5	0.020134	0.879195	0.075503	0.025168
6	0.015101	0.984899	0.0	0.0
7	0.280201	0.0	0.671141	0.048658
8	0.0	0.993289	0.005034	0.001678
9	0.0	1.0	0.0	0.0
10	0.068792	0.0	0.911074	0.020134
11	0.080537	0.645973	0.028523	0.244966
12	0.209732	0.627517	0.011745	0.151007
13	0.397651	0.04698	0.256711	0.298658
14	0.20302	0.555369	0.050336	0.191275
15	0.196309	0.515101	0.043624	0.244966
16	0.270134	0.107383	0.310403	0.312081
17	0.083893	0.61745	0.10906	0.189597
18	0.151007	0.607383	0.080537	0.161074
19	0.216443	0.167785	0.36745	0.248322
