Pos	A	C	G	T
1	0.242833	0.330523	0.158516	0.268128
2	0.293423	0.197302	0.210793	0.298482
3	0.242833	0.254637	0.178752	0.323777
4	0.244519	0.306914	0.15683	0.291737
5	0.310287	0.214165	0.231029	0.244519
6	0.247892	0.286678	0.168634	0.296796
7	0.291737	0.315346	0.13828	0.254637
8	0.332209	0.111298	0.247892	0.3086
9	0.074199	0.436762	0.145025	0.344013
10	0.010118	0.98145	0.005059	0.003373
11	0.927487	0.0	0.070826	0.001686
12	0.0	1.0	0.0	0.0
13	0.0	1.0	0.0	0.0
14	0.0	0.0	1.0	0.0
15	0.954469	0.015177	0.0	0.030354
16	0.0	1.0	0.0	0.0
17	0.667791	0.273187	0.023609	0.035413
18	0.468803	0.168634	0.010118	0.352445
19	0.286678	0.22597	0.121417	0.365936
