Pos	A	C	G	T
1	0.273356	0.311419	0.115917	0.299308
2	0.34083	0.148789	0.226644	0.283737
3	0.204152	0.3391	0.17301	0.283737
4	0.183391	0.522491	0.095156	0.198962
5	0.152249	0.086505	0.442907	0.318339
6	0.051903	0.608997	0.299308	0.039792
7	0.095156	0.904844	0.0	0.0
8	0.0	0.0	1.0	0.0
9	0.0	1.0	0.0	0.0
10	0.00346	0.99654	0.0	0.0
11	0.0	0.0	1.0	0.0
12	0.058824	0.567474	0.024221	0.349481
13	0.455017	0.352941	0.0	0.192042
14	0.711073	0.00346	0.022491	0.262976
15	0.129758	0.107266	0.0	0.762976
16	0.183391	0.242215	0.053633	0.520761
17	0.181661	0.1609	0.179931	0.477509
18	0.15917	0.358131	0.181661	0.301038
19	0.235294	0.356401	0.150519	0.257785
