Pos	A	C	G	T
1	0.140036	0.536804	0.13465	0.18851
2	0.271095	0.172352	0.348294	0.208259
3	0.145422	0.56912	0.104129	0.181329
4	0.174147	0.554758	0.100539	0.170557
5	0.29623	0.109515	0.371634	0.222621
6	0.120287	0.526032	0.100539	0.253142
7	0.154399	0.651706	0.059246	0.13465
8	0.224417	0.089767	0.382406	0.303411
9	0.039497	0.662478	0.136445	0.16158
10	0.147217	0.833034	0.010772	0.008977
11	0.064632	0.0	0.890485	0.044883
12	0.0	0.996409	0.003591	0.0
13	0.0	1.0	0.0	0.0
14	0.048474	0.0	0.94614	0.005386
15	0.003591	0.836625	0.0	0.159785
16	0.007181	0.992819	0.0	0.0
17	0.384201	0.0	0.504488	0.111311
18	0.071813	0.491921	0.091562	0.344704
19	0.233393	0.391382	0.10772	0.267504
