Pos	A	C	G	T
1	0.218456	0.045198	0.489642	0.246704
2	0.062147	0.72693	0.026365	0.184557
3	0.585687	0.111111	0.146893	0.156309
4	0.045198	0.890772	0.020716	0.043315
5	0.19774	0.032015	0.700565	0.06968
6	0.348399	0.182674	0.288136	0.180791
7	0.457627	0.077213	0.045198	0.419962
8	0.190207	0.086629	0.030132	0.693032
9	0.224105	0.448211	0.013183	0.314501
10	0.05838	0.52354	0.0	0.418079
11	0.009416	0.973635	0.013183	0.003766
12	0.20339	0.062147	0.672316	0.062147
13	0.945386	0.00565	0.045198	0.003766
14	0.060264	0.024482	0.661017	0.254237
15	0.299435	0.030132	0.649718	0.020716
