Pos	A	C	G	T
1	0.255575	0.35163	0.109777	0.283019
2	0.313894	0.174957	0.219554	0.291595
3	0.152659	0.403087	0.176672	0.267581
4	0.202401	0.51801	0.080617	0.198971
5	0.190395	0.118353	0.35163	0.339623
6	0.044597	0.641509	0.216123	0.09777
7	0.188679	0.802744	0.008576	0.0
8	0.0	0.0	1.0	0.0
9	0.0	1.0	0.0	0.0
10	0.0	1.0	0.0	0.0
11	0.001715	0.0	0.998285	0.0
12	0.044597	0.770154	0.008576	0.176672
13	0.406518	0.54717	0.0	0.046312
14	0.746141	0.0	0.133791	0.120069
15	0.205832	0.140652	0.005146	0.64837
16	0.255575	0.205832	0.051458	0.487136
17	0.212693	0.140652	0.197256	0.4494
18	0.12693	0.38422	0.145798	0.343053
19	0.217839	0.38422	0.169811	0.22813
20	0.250429	0.210978	0.317324	0.221269
21	0.212693	0.35506	0.168096	0.264151
