Pos	A	C	G	T
1	0.128333	0.701667	0.06	0.11
2	0.126667	0.05	0.496667	0.326667
3	0.028333	0.741667	0.175	0.055
4	0.058333	0.916667	0.016667	0.008333
5	0.02	0.0	0.973333	0.006667
6	0.0	0.98	0.02	0.0
7	0.003333	0.996667	0.0	0.0
8	0.013333	0.0	0.983333	0.003333
9	0.036667	0.668333	0.045	0.25
10	0.363333	0.513333	0.025	0.098333
11	0.643333	0.023333	0.161667	0.171667
12	0.226667	0.321667	0.03	0.421667
13	0.271667	0.31	0.043333	0.375
14	0.225	0.131667	0.248333	0.395
15	0.091667	0.475	0.131667	0.301667
16	0.213333	0.513333	0.106667	0.166667
17	0.223333	0.16	0.383333	0.233333
18	0.165	0.468333	0.125	0.241667
19	0.173333	0.528333	0.095	0.203333
