Pos	A	C	G	T
1	0.163743	0.520468	0.138402	0.177388
2	0.191033	0.475634	0.101365	0.231969
3	0.265107	0.146199	0.306043	0.282651
4	0.134503	0.497076	0.105263	0.263158
5	0.185185	0.617934	0.02924	0.167641
6	0.196881	0.083821	0.374269	0.345029
7	0.021442	0.7154	0.163743	0.099415
8	0.076023	0.918129	0.005848	0.0
9	0.009747	0.0	0.988304	0.001949
10	0.0	0.998051	0.001949	0.0
11	0.0	1.0	0.0	0.0
12	0.011696	0.0	0.988304	0.0
13	0.0	0.968811	0.0	0.031189
14	0.0	1.0	0.0	0.0
15	0.409357	0.003899	0.497076	0.089669
16	0.095517	0.54386	0.095517	0.265107
17	0.251462	0.417154	0.083821	0.247563
18	0.389864	0.068226	0.296296	0.245614
19	0.181287	0.467836	0.120858	0.230019
20	0.251462	0.434698	0.083821	0.230019
21	0.243665	0.152047	0.358674	0.245614
