Pos	A	C	G	T
1	0.175559	0.354561	0.156627	0.313253
2	0.20654	0.387263	0.149742	0.256454
3	0.316695	0.185886	0.222031	0.275387
4	0.172117	0.444062	0.127367	0.256454
5	0.234079	0.464716	0.082616	0.218589
6	0.297762	0.115318	0.222031	0.364888
7	0.173838	0.459552	0.11704	0.24957
8	0.218589	0.710843	0.043029	0.027539
9	0.865749	0.0	0.134251	0.0
10	0.0	0.998279	0.0	0.001721
11	0.0	1.0	0.0	0.0
12	0.0	0.0	0.996558	0.003442
13	0.580034	0.388985	0.0	0.030981
14	0.0	1.0	0.0	0.0
15	0.53012	0.060241	0.032702	0.376936
16	0.086059	0.27883	0.015491	0.619621
17	0.370052	0.251291	0.092943	0.285714
18	0.435456	0.130809	0.256454	0.177281
19	0.247849	0.351119	0.134251	0.266781
20	0.203098	0.418244	0.141136	0.237522
21	0.314974	0.175559	0.223752	0.285714
