Pos	A	C	G	T
1	0.070796	0.544248	0.150442	0.234513
2	0.212389	0.637168	0.0	0.150442
3	0.19469	0.057522	0.340708	0.40708
4	0.048673	0.818584	0.097345	0.035398
5	0.053097	0.915929	0.0	0.030973
6	0.115044	0.00885	0.769912	0.106195
7	0.0	1.0	0.0	0.0
8	0.0	1.0	0.0	0.0
9	0.053097	0.0	0.920354	0.026549
10	0.0	0.840708	0.0	0.159292
11	0.070796	0.915929	0.0	0.013274
12	0.384956	0.044248	0.464602	0.106195
13	0.057522	0.70354	0.039823	0.199115
14	0.137168	0.553097	0.115044	0.19469
15	0.292035	0.044248	0.389381	0.274336
16	0.154867	0.561947	0.075221	0.207965
17	0.247788	0.473451	0.106195	0.172566
18	0.212389	0.079646	0.420354	0.287611
19	0.057522	0.716814	0.110619	0.115044
20	0.061947	0.637168	0.097345	0.20354
21	0.221239	0.150442	0.402655	0.225664
