Pos	A	C	G	T
1	0.190722	0.328179	0.199313	0.281787
2	0.183849	0.426117	0.089347	0.300687
3	0.292096	0.189003	0.238832	0.280069
4	0.147766	0.396907	0.154639	0.300687
5	0.170103	0.530928	0.06701	0.231959
6	0.214777	0.130584	0.262887	0.391753
7	0.085911	0.587629	0.249141	0.07732
8	0.075601	0.924399	0.0	0.0
9	0.0	0.0	1.0	0.0
10	0.0	0.998282	0.0	0.001718
11	0.0	1.0	0.0	0.0
12	0.0	0.0	0.998282	0.001718
13	0.034364	0.697595	0.0	0.268041
14	0.07732	0.886598	0.001718	0.034364
15	0.608247	0.006873	0.262887	0.121993
16	0.235395	0.209622	0.041237	0.513746
17	0.340206	0.189003	0.04811	0.42268
18	0.281787	0.111684	0.190722	0.415808
19	0.166667	0.348797	0.151203	0.333333
20	0.185567	0.400344	0.158076	0.256014
