Pos	A	C	G	T
1	0.263525	0.183246	0.356021	0.197208
2	0.286213	0.403141	0.143106	0.167539
3	0.364747	0.230366	0.265271	0.139616
4	0.160558	0.396161	0.122164	0.321117
5	0.179756	0.193717	0.490401	0.136126
6	0.242583	0.144852	0.151832	0.460733
7	0.176265	0.085515	0.582897	0.155323
8	0.244328	0.212914	0.270506	0.272251
9	0.317627	0.275742	0.158813	0.247818
10	0.275742	0.197208	0.235602	0.291449
11	0.263525	0.136126	0.342059	0.25829
12	0.39267	0.239092	0.275742	0.092496
13	0.0	0.998255	0.0	0.001745
14	0.993019	0.00349	0.001745	0.001745
15	0.0	1.0	0.0	0.0
16	0.080279	0.0	0.919721	0.0
17	0.010471	0.097731	0.006981	0.884817
18	0.0	0.0	1.0	0.0
19	0.136126	0.378709	0.108202	0.376963
20	0.078534	0.736475	0.075044	0.109948
21	0.417103	0.148342	0.17452	0.260035
