Pos	A	C	G	T
1	0.195652	0.188406	0.190217	0.425725
2	0.282609	0.043478	0.041667	0.632246
3	0.048913	0.163043	0.184783	0.603261
4	0.143116	0.061594	0.085145	0.710145
5	0.081522	0.063406	0.001812	0.853261
6	0.0	0.03442	0.07971	0.88587
7	0.036232	0.039855	0.01087	0.913043
8	0.014493	0.007246	0.0	0.978261
9	0.01087	0.023551	0.025362	0.940217
10	0.025362	0.0	0.005435	0.969203
11	0.025362	0.023551	0.003623	0.947464
12	0.0	0.028986	0.003623	0.967391
13	0.001812	0.016304	0.110507	0.871377
14	0.021739	0.057971	0.018116	0.902174
15	0.016304	0.001812	0.077899	0.903986
16	0.0	0.023551	0.246377	0.730072
17	0.097826	0.065217	0.387681	0.449275
18	0.244565	0.188406	0.108696	0.458333
19	0.344203	0.36413	0.09058	0.201087
20	0.588768	0.025362	0.117754	0.268116
21	0.384058	0.152174	0.054348	0.40942
