Pos	A	C	G	T
1	0.215	0.33	0.133333	0.321667
2	0.243333	0.393333	0.081667	0.281667
3	0.14	0.148333	0.091667	0.62
4	0.06	0.176667	0.383333	0.38
5	0.198333	0.115	0.258333	0.428333
6	0.021667	0.213333	0.106667	0.658333
7	0.0	1.0	0.0	0.0
8	0.993333	0.003333	0.003333	0.0
9	0.003333	0.0	0.981667	0.015
10	0.138333	0.003333	0.858333	0.0
11	0.07	0.02	0.033333	0.876667
12	0.236667	0.006667	0.61	0.146667
13	0.363333	0.138333	0.243333	0.255
14	0.328333	0.155	0.118333	0.398333
15	0.321667	0.098333	0.118333	0.461667
16	0.24	0.223333	0.095	0.441667
