Pos	A	C	G	T
1	0.267677	0.175084	0.114478	0.442761
2	0.274411	0.158249	0.13468	0.43266
3	0.237374	0.188552	0.121212	0.452862
4	0.276094	0.114478	0.12963	0.479798
5	0.234007	0.094276	0.13468	0.537037
6	0.106061	0.031987	0.047138	0.814815
7	0.005051	0.026936	0.015152	0.952862
8	0.0	0.006734	0.005051	0.988215
9	0.0	0.026936	0.0	0.973064
10	0.0	0.0	1.0	0.0
11	0.0	0.001684	0.0	0.998316
12	0.0	1.0	0.0	0.0
13	0.016835	0.087542	0.638047	0.257576
14	0.001684	0.03367	0.035354	0.929293
15	0.124579	0.122896	0.043771	0.708754
16	0.13468	0.003367	0.0	0.861953
17	0.213805	0.084175	0.025253	0.676768
18	0.139731	0.311448	0.308081	0.240741
19	0.070707	0.234007	0.084175	0.611111
20	0.259259	0.084175	0.341751	0.314815
