Pos	A	C	G	T
1	0.279359	0.231317	0.128114	0.36121
2	0.341637	0.24911	0.362989	0.046263
3	0.096085	0.080071	0.179715	0.644128
4	0.0	1.0	0.0	0.0
5	1.0	0.0	0.0	0.0
6	0.0	1.0	0.0	0.0
7	0.0	0.0	1.0	0.0
8	0.0	0.0	0.0	1.0
9	0.0	0.0	1.0	0.0
10	0.683274	0.227758	0.016014	0.072954
11	0.062278	0.565836	0.122776	0.24911
12	0.275801	0.288256	0.097865	0.338078
13	0.254448	0.279359	0.120996	0.345196
14	0.231317	0.263345	0.145907	0.359431
15	0.135231	0.494662	0.103203	0.266904
16	0.451957	0.220641	0.135231	0.192171
17	0.176157	0.475089	0.08363	0.265125
18	0.227758	0.238434	0.368327	0.16548
19	0.199288	0.213523	0.090747	0.496441
20	0.190391	0.211744	0.350534	0.247331
21	0.231317	0.288256	0.204626	0.275801
22	0.225979	0.281139	0.174377	0.318505
