Pos	A	C	G	T
1	0.152134	0.033395	0.781076	0.033395
2	0.896104	0.007421	0.053803	0.042672
3	0.014842	0.027829	0.896104	0.061224
4	0.929499	0.0	0.033395	0.037106
5	0.124304	0.016698	0.831169	0.027829
6	0.927644	0.0	0.072356	0.0
7	0.079777	0.03154	0.855288	0.033395
8	0.886827	0.005566	0.081633	0.025974
9	0.072356	0.0	0.894249	0.033395
10	0.96475	0.011132	0.003711	0.020408
11	0.050093	0.003711	0.942486	0.003711
12	0.961039	0.020408	0.005566	0.012987
13	0.115028	0.016698	0.834879	0.033395
14	0.853432	0.0	0.103896	0.042672
15	0.100186	0.0	0.857143	0.042672
16	0.899814	0.0	0.100186	0.0
17	0.076067	0.018553	0.866419	0.038961
18	0.942486	0.0	0.016698	0.040816
19	0.131725	0.003711	0.851577	0.012987
20	0.886827	0.022263	0.064935	0.025974
21	0.135436	0.03525	0.816327	0.012987
22	0.834879	0.027829	0.072356	0.064935
23	0.087199	0.037106	0.792208	0.083488
24	0.808905	0.040816	0.079777	0.070501
