Pos	A	C	G	T
1	0.260135	0.201014	0.138514	0.400338
2	0.290541	0.128378	0.131757	0.449324
3	0.239865	0.114865	0.16723	0.478041
4	0.128378	0.060811	0.047297	0.763514
5	0.008446	0.040541	0.008446	0.942568
6	0.0	0.003378	0.005068	0.991554
7	0.0	0.0	0.0	1.0
8	0.0	0.0	1.0	0.0
9	0.0	0.0	0.0	1.0
10	0.0	0.996622	0.0	0.003378
11	0.02027	0.077703	0.692568	0.209459
12	0.003378	0.032095	0.037162	0.927365
13	0.153716	0.130068	0.059122	0.657095
14	0.135135	0.0	0.0	0.864865
15	0.251689	0.087838	0.02027	0.640203
16	0.116554	0.334459	0.329392	0.219595
17	0.055743	0.22973	0.106419	0.608108
18	0.224662	0.08277	0.39527	0.297297
