Pos	A	C	G	T
1	0.24386	0.180702	0.152632	0.422807
2	0.247368	0.182456	0.157895	0.412281
3	0.264912	0.191228	0.145614	0.398246
4	0.298246	0.135088	0.147368	0.419298
5	0.222807	0.133333	0.149123	0.494737
6	0.122807	0.082456	0.073684	0.721053
7	0.014035	0.057895	0.033333	0.894737
8	0.0	0.008772	0.014035	0.977193
9	0.0	0.014035	0.0	0.985965
10	0.0	0.0	1.0	0.0
11	0.0	0.0	0.008772	0.991228
12	0.0	1.0	0.0	0.0
13	0.031579	0.089474	0.668421	0.210526
14	0.005263	0.033333	0.057895	0.903509
15	0.110526	0.15614	0.080702	0.652632
16	0.129825	0.0	0.005263	0.864912
17	0.259649	0.07193	0.026316	0.642105
18	0.098246	0.321053	0.354386	0.226316
19	0.042105	0.259649	0.096491	0.601754
20	0.229825	0.094737	0.398246	0.277193
