Pos	A	C	G	T
1	0.182524	0.231068	0.075728	0.51068
2	0.079612	0.271845	0.114563	0.533981
3	0.229126	0.213592	0.052427	0.504854
4	0.040777	0.201942	0.087379	0.669903
5	0.180583	0.141748	0.0	0.67767
6	0.130097	0.2	0.031068	0.638835
7	0.18835	0.186408	0.118447	0.506796
8	0.201942	0.28932	0.071845	0.436893
9	0.168932	0.15534	0.038835	0.636893
10	0.11068	0.192233	0.075728	0.621359
11	0.052427	0.112621	0.147573	0.687379
12	0.081553	0.201942	0.0	0.716505
13	0.236893	0.137864	0.031068	0.594175
14	0.368932	0.159223	0.180583	0.291262
15	0.003883	0.992233	0.0	0.003883
16	0.0	0.095146	0.003883	0.900971
17	0.019417	0.0	0.0	0.980583
18	0.003883	0.001942	0.0	0.994175
19	0.16699	0.025243	0.007767	0.8
20	0.087379	0.174757	0.048544	0.68932
21	0.186408	0.225243	0.16699	0.421359
