Pos	A	C	G	T
1	0.183193	0.253782	0.104202	0.458824
2	0.262185	0.159664	0.131092	0.447059
3	0.14958	0.220168	0.146218	0.484034
4	0.194958	0.226891	0.085714	0.492437
5	0.22521	0.110924	0.115966	0.547899
6	0.132773	0.139496	0.087395	0.640336
7	0.084034	0.297479	0.043697	0.57479
8	0.194958	0.151261	0.030252	0.623529
9	0.490756	0.157983	0.189916	0.161345
10	0.0	1.0	0.0	0.0
11	0.0	0.033613	0.0	0.966387
12	0.0	0.0	0.0	1.0
13	0.0	0.0	0.0	1.0
14	0.211765	0.005042	0.0	0.783193
15	0.085714	0.181513	0.080672	0.652101
16	0.151261	0.339496	0.233613	0.27563
17	0.220168	0.205042	0.114286	0.460504
18	0.163025	0.178151	0.127731	0.531092
19	0.163025	0.196639	0.084034	0.556303
20	0.179832	0.178151	0.119328	0.522689
21	0.213445	0.163025	0.157983	0.465546
