Pos	A	C	G	T
1	0.423358	0.093066	0.155109	0.328467
2	0.167883	0.184307	0.171533	0.476277
3	0.310219	0.25365	0.224453	0.211679
4	0.695255	0.093066	0.177007	0.034672
5	0.817518	0.021898	0.009124	0.15146
6	0.009124	0.082117	0.012774	0.895985
7	0.118613	0.793796	0.032847	0.054745
8	0.122263	0.133212	0.080292	0.664234
9	0.051095	0.50365	0.184307	0.260949
10	0.562044	0.105839	0.317518	0.014599
11	0.534672	0.00365	0.388686	0.072993
12	0.009124	0.985401	0.00365	0.001825
13	0.041971	0.95073	0.001825	0.005474
14	0.007299	0.00365	0.930657	0.058394
15	0.005474	0.04562	0.012774	0.936131
16	0.072993	0.350365	0.00365	0.572993
17	0.074818	0.385036	0.474453	0.065693
18	0.45438	0.051095	0.485401	0.009124
19	0.560219	0.001825	0.009124	0.428832
20	0.05292	0.085766	0.041971	0.819343
21	0.096715	0.364964	0.067518	0.470803
