Pos	A	C	G	T
1	0.138333	0.146667	0.115	0.6
2	0.248333	0.081667	0.106667	0.563333
3	0.143333	0.06	0.143333	0.653333
4	0.191667	0.045	0.235	0.528333
5	0.145	0.546667	0.033333	0.275
6	0.64	0.218333	0.093333	0.048333
7	0.0	1.0	0.0	0.0
8	0.0	0.026667	0.0	0.973333
9	0.0	0.0	0.0	1.0
10	0.0	0.0	0.0	1.0
11	0.141667	0.005	0.0	0.853333
12	0.058333	0.131667	0.051667	0.758333
13	0.231667	0.291667	0.24	0.236667
14	0.223333	0.296667	0.155	0.325
15	0.196667	0.228333	0.121667	0.453333
16	0.19	0.248333	0.06	0.501667
17	0.178333	0.188333	0.078333	0.555
18	0.195	0.195	0.045	0.565
19	0.205	0.118333	0.088333	0.588333
