Pos	A	C	G	T
1	0.235897	0.184615	0.162393	0.417094
2	0.305983	0.105983	0.131624	0.45641
3	0.234188	0.112821	0.152137	0.500855
4	0.136752	0.066667	0.042735	0.753846
5	0.008547	0.049573	0.018803	0.923077
6	0.001709	0.010256	0.003419	0.984615
7	0.0	0.018803	0.0	0.981197
8	0.0	0.0	1.0	0.0
9	0.001709	0.0	0.015385	0.982906
10	0.0	0.996581	0.0	0.003419
11	0.02906	0.097436	0.641026	0.232479
12	0.005128	0.039316	0.052991	0.902564
13	0.041026	0.150427	0.083761	0.724786
14	0.162393	0.0	0.001709	0.835897
15	0.249573	0.061538	0.005128	0.683761
16	0.117949	0.336752	0.382906	0.162393
17	0.030769	0.261538	0.034188	0.673504
18	0.203419	0.075214	0.396581	0.324786
