Pos	A	C	G	T
1	0.285	0.146667	0.113333	0.455
2	0.305	0.12	0.118333	0.456667
3	0.166667	0.105	0.176667	0.551667
4	0.14	0.216667	0.07	0.573333
5	0.353333	0.146667	0.061667	0.438333
6	0.545	0.225	0.14	0.09
7	0.0	1.0	0.0	0.0
8	0.0	0.028333	0.0	0.971667
9	0.0	0.0	0.0	1.0
10	0.0	0.0	0.0	1.0
11	0.195	0.0	0.0	0.805
12	0.06	0.051667	0.01	0.878333
13	0.181667	0.238333	0.338333	0.241667
14	0.205	0.228333	0.198333	0.368333
15	0.205	0.243333	0.146667	0.405
16	0.143333	0.185	0.125	0.546667
17	0.23	0.156667	0.116667	0.496667
18	0.23	0.211667	0.131667	0.426667
19	0.286667	0.135	0.106667	0.471667
