Pos	A	C	G	T
1	0.261863	0.244288	0.098418	0.395431
2	0.221441	0.175747	0.066784	0.536028
3	0.158172	0.15993	0.098418	0.58348
4	0.168717	0.168717	0.049209	0.613357
5	0.149385	0.184534	0.042179	0.623902
6	0.165202	0.177504	0.063269	0.594025
7	0.254833	0.189807	0.047452	0.507909
8	0.221441	0.1529	0.108963	0.516696
9	0.196837	0.156415	0.126538	0.520211
10	0.16696	0.242531	0.031634	0.558875
11	0.151142	0.161687	0.059754	0.627417
12	0.163445	0.1529	0.057996	0.625659
13	0.163445	0.177504	0.056239	0.602812
14	0.224956	0.179262	0.100176	0.495606
15	0.209139	0.200351	0.100176	0.490334
16	0.15993	0.175747	0.087873	0.57645
17	0.172232	0.103691	0.065026	0.659051
18	0.15993	0.096661	0.098418	0.644991
19	0.063269	0.191564	0.003515	0.741652
20	0.369069	0.073814	0.049209	0.507909
21	0.507909	0.108963	0.12478	0.258348
22	0.0	0.906854	0.001757	0.091388
23	0.019332	0.033392	0.0	0.947276
24	0.0	0.043937	0.0	0.956063
25	0.0	0.003515	0.0	0.996485
26	0.226714	0.024605	0.0	0.748682
27	0.080844	0.105448	0.047452	0.766257
28	0.256591	0.205624	0.154657	0.383128
