Pos	A	C	G	T
1	0.219799	0.201342	0.095638	0.483221
2	0.231544	0.142617	0.104027	0.521812
3	0.152685	0.08557	0.137584	0.624161
4	0.125839	0.07047	0.189597	0.614094
5	0.114094	0.441275	0.036913	0.407718
6	0.583893	0.120805	0.135906	0.159396
7	0.0	1.0	0.0	0.0
8	0.0	0.040268	0.0	0.959732
9	0.0	0.006711	0.0	0.993289
10	0.0	0.0	0.0	1.0
11	0.149329	0.035235	0.013423	0.802013
12	0.134228	0.172819	0.100671	0.592282
13	0.16443	0.419463	0.098993	0.317114
14	0.134228	0.253356	0.050336	0.562081
15	0.10906	0.134228	0.035235	0.721477
16	0.110738	0.104027	0.041946	0.743289
17	0.14094	0.100671	0.057047	0.701342
18	0.162752	0.182886	0.060403	0.59396
19	0.130872	0.238255	0.100671	0.530201
20	0.191275	0.184564	0.08557	0.538591
21	0.122483	0.167785	0.114094	0.595638
22	0.134228	0.137584	0.09396	0.634228
23	0.166107	0.127517	0.087248	0.619128
24	0.20302	0.166107	0.098993	0.531879
25	0.191275	0.149329	0.135906	0.52349
26	0.224832	0.16443	0.122483	0.488255
27	0.256711	0.204698	0.080537	0.458054
