Pos	A	C	G	T
1	0.252931	0.194305	0.120603	0.432161
2	0.231156	0.229481	0.103853	0.435511
3	0.221106	0.159129	0.155779	0.463987
4	0.152429	0.221106	0.082077	0.544389
5	0.175879	0.237856	0.070352	0.515913
6	0.140704	0.174204	0.068677	0.616415
7	0.170854	0.190955	0.055276	0.582915
8	0.244556	0.19933	0.061977	0.494137
9	0.224456	0.249581	0.103853	0.422111
10	0.179229	0.308208	0.053601	0.458961
11	0.107203	0.232831	0.043551	0.616415
12	0.149079	0.065327	0.053601	0.731993
13	0.120603	0.073702	0.058626	0.747069
14	0.033501	0.194305	0.041876	0.730318
15	0.18928	0.175879	0.045226	0.589615
16	0.485762	0.132328	0.179229	0.20268
17	0.001675	0.979899	0.01675	0.001675
18	0.001675	0.035176	0.001675	0.961474
19	0.0	0.0	0.0	1.0
20	0.0	0.001675	0.0	0.998325
21	0.175879	0.036851	0.001675	0.785595
22	0.095477	0.130653	0.144054	0.629816
23	0.204355	0.231156	0.201005	0.363484
24	0.236181	0.237856	0.172529	0.353434
25	0.222781	0.180905	0.102178	0.494137
26	0.207705	0.19933	0.115578	0.477387
27	0.180905	0.179229	0.135678	0.504188
28	0.246231	0.174204	0.090452	0.489112
29	0.304858	0.137353	0.083752	0.474037
