Pos	A	C	G	T
1	0.2	0.101667	0.17	0.528333
2	0.155	0.07	0.266667	0.508333
3	0.136667	0.463333	0.018333	0.381667
4	0.626667	0.095	0.148333	0.13
5	0.0	1.0	0.0	0.0
6	0.0	0.055	0.0	0.945
7	0.0	0.0	0.0	1.0
8	0.0	0.0	0.0	1.0
9	0.126667	0.033333	0.021667	0.818333
10	0.128333	0.183333	0.116667	0.571667
11	0.191667	0.338333	0.201667	0.268333
12	0.266667	0.26	0.135	0.338333
13	0.13	0.336667	0.121667	0.411667
14	0.116667	0.22	0.076667	0.586667
15	0.076667	0.148333	0.043333	0.731667
16	0.08	0.161667	0.038333	0.72
17	0.121667	0.133333	0.063333	0.681667
18	0.176667	0.126667	0.13	0.566667
