Pos	A	C	G	T
1	0.645941	0.081174	0.189983	0.082902
2	0.124352	0.791019	0.050086	0.034542
3	0.0	0.924007	0.001727	0.074266
4	0.056995	0.070812	0.138169	0.734024
5	0.172712	0.248705	0.226252	0.352332
6	0.120898	0.759931	0.044905	0.074266
7	0.44905	0.487047	0.010363	0.053541
8	0.001727	0.816926	0.0	0.181347
9	0.074266	0.699482	0.036269	0.189983
10	0.682211	0.006908	0.267703	0.043178
11	0.15544	0.056995	0.702936	0.084629
12	0.531952	0.055268	0.122625	0.290155
13	0.215889	0.058722	0.017271	0.708117
14	0.542314	0.136442	0.271157	0.050086
15	0.381693	0.243523	0.126079	0.248705
