Pos	A	C	G	T
1	0.265957	0.212766	0.319149	0.202128
2	0.095745	0.340426	0.031915	0.531915
3	0.031915	0.0	0.957447	0.010638
4	0.074468	0.0	0.138298	0.787234
5	0.010638	0.914894	0.074468	0.0
6	0.042553	0.414894	0.0	0.542553
7	0.840426	0.053191	0.0	0.106383
8	0.06383	0.074468	0.808511	0.053191
9	0.457447	0.0	0.489362	0.053191
10	0.0	0.0	0.0	1.0
11	0.212766	0.042553	0.085106	0.659574
12	0.0	1.0	0.0	0.0
13	0.851064	0.031915	0.021277	0.095745
14	0.276596	0.106383	0.095745	0.521277
15	0.255319	0.106383	0.170213	0.468085
16	0.287234	0.12766	0.361702	0.223404
17	0.393617	0.106383	0.106383	0.393617
18	0.446809	0.223404	0.117021	0.212766
19	0.244681	0.138298	0.212766	0.404255
20	0.276596	0.361702	0.095745	0.265957
21	0.180851	0.170213	0.095745	0.553191
