Pos	A	C	G	T
1	0.101667	0.483333	0.338333	0.076667
2	0.046667	0.946667	0.003333	0.003333
3	0.015	0.0	0.925	0.06
4	0.741667	0.018333	0.161667	0.078333
5	0.396667	0.196667	0.17	0.236667
6	0.53	0.066667	0.308333	0.095
7	0.72	0.025	0.088333	0.166667
8	0.451667	0.083333	0.085	0.38
9	0.413333	0.123333	0.225	0.238333
10	0.195	0.146667	0.168333	0.49
11	0.078333	0.906667	0.0	0.015
12	0.0	0.0	1.0	0.0
13	0.04	0.168333	0.72	0.071667
14	0.521667	0.245	0.075	0.158333
15	0.241667	0.081667	0.538333	0.138333
