Pos	A	C	G	T
1	0.423333	0.063333	0.081667	0.431667
2	0.425	0.093333	0.131667	0.35
3	0.37	0.1	0.186667	0.343333
4	0.278333	0.116667	0.276667	0.328333
5	0.295	0.183333	0.241667	0.28
6	0.298333	0.145	0.206667	0.35
7	0.236667	0.295	0.138333	0.33
8	0.24	0.5	0.033333	0.226667
9	0.821667	0.051667	0.006667	0.12
10	0.998333	0.0	0.001667	0.0
11	0.0	0.0	0.001667	0.998333
12	0.468333	0.015	0.046667	0.47
13	1.0	0.0	0.0	0.0
14	0.0	0.0	0.0	1.0
15	0.0	0.0	0.001667	0.998333
16	0.058333	0.0	0.926667	0.015
17	0.23	0.048333	0.523333	0.198333
18	0.155	0.095	0.061667	0.688333
19	0.19	0.165	0.343333	0.301667
20	0.271667	0.205	0.143333	0.38
