Pos	A	C	G	T
1	0.197655	0.19263	0.046901	0.562814
2	0.358459	0.154104	0.035176	0.452261
3	0.643216	0.046901	0.204355	0.105528
4	0.520938	0.279732	0.045226	0.154104
5	0.160804	0.654941	0.070352	0.113903
6	0.147404	0.008375	0.656616	0.187605
7	0.075377	0.798995	0.050251	0.075377
8	0.00335	0.936348	0.0067	0.053601
9	0.0	0.0	1.0	0.0
10	0.0	0.001675	0.0	0.998325
11	0.005025	0.097152	0.005025	0.892797
12	0.98995	0.0	0.0	0.01005
13	0.718593	0.095477	0.097152	0.088777
14	0.226131	0.403685	0.103853	0.266332
15	0.221106	0.068677	0.246231	0.463987
