Pos	A	C	G	T
1	0.227045	0.200334	0.140234	0.432387
2	0.237062	0.315526	0.198664	0.248748
3	0.285476	0.203673	0.171953	0.338898
4	0.540902	0.093489	0.235392	0.130217
5	0.153589	0.071786	0.689482	0.085142
6	0.796327	0.075125	0.078464	0.050083
7	0.804674	0.028381	0.045075	0.12187
8	0.12187	0.188648	0.482471	0.207012
9	0.106845	0.57596	0.185309	0.131886
10	0.096828	0.018364	0.016694	0.868114
11	0.008347	0.005008	0.0	0.986644
12	0.003339	0.988314	0.0	0.008347
13	0.005008	0.073456	0.028381	0.893155
14	0.896494	0.006678	0.09015	0.006678
15	0.010017	0.008347	0.96995	0.011686
16	0.984975	0.0	0.008347	0.006678
17	0.853088	0.035058	0.028381	0.083472
18	0.195326	0.135225	0.542571	0.126878
19	0.330551	0.375626	0.160267	0.133556
