Pos	A	C	G	T
1	0.495238	0.114286	0.114286	0.27619
2	0.428571	0.085714	0.314286	0.171429
3	0.619048	0.085714	0.12381	0.171429
4	0.219048	0.409524	0.209524	0.161905
5	0.085714	0.038095	0.009524	0.866667
6	0.028571	0.019048	0.009524	0.942857
7	0.314286	0.019048	0.066667	0.6
8	0.0	0.990476	0.0	0.009524
9	0.0	0.866667	0.0	0.133333
10	0.342857	0.32381	0.057143	0.27619
11	0.628571	0.066667	0.142857	0.161905
12	0.980952	0.0	0.009524	0.009524
13	0.695238	0.0	0.0	0.304762
14	0.638095	0.047619	0.12381	0.190476
15	0.52381	0.019048	0.219048	0.238095
16	0.114286	0.0	0.885714	0.0
17	0.0	0.0	1.0	0.0
18	0.857143	0.057143	0.019048	0.066667
19	1.0	0.0	0.0	0.0
20	0.952381	0.019048	0.009524	0.019048
21	0.066667	0.228571	0.561905	0.142857
