Pos	A	C	G	T
1	0.073298	0.636998	0.230366	0.059337
2	0.048866	0.940663	0.010471	0.0
3	0.04712	0.13089	0.678883	0.143106
4	0.094241	0.092496	0.668412	0.144852
5	0.734729	0.013962	0.162304	0.089005
6	0.746946	0.0	0.17801	0.075044
7	0.806283	0.020942	0.104712	0.068063
8	0.647469	0.068063	0.015707	0.268761
9	0.17801	0.207679	0.13438	0.47993
10	0.211169	0.547993	0.155323	0.085515
11	0.116928	0.673647	0.038394	0.17103
12	0.00349	0.010471	0.95637	0.029668
13	0.012216	0.230366	0.710297	0.04712
14	0.467714	0.324607	0.082024	0.125654
15	0.324607	0.034904	0.509599	0.13089
