Pos	A	C	G	T
1	0.401667	0.115	0.338333	0.145
2	0.055	0.038333	0.903333	0.003333
3	0.058333	0.941667	0.0	0.0
4	0.083333	0.023333	0.77	0.123333
5	0.27	0.116667	0.241667	0.371667
6	0.521667	0.105	0.236667	0.136667
7	0.616667	0.076667	0.168333	0.138333
8	0.626667	0.033333	0.286667	0.053333
9	0.561667	0.1	0.12	0.218333
10	0.226667	0.203333	0.183333	0.386667
11	0.296667	0.243333	0.293333	0.166667
12	0.101667	0.745	0.031667	0.121667
13	0.0	0.003333	0.975	0.021667
14	0.01	0.786667	0.053333	0.15
15	0.24	0.265	0.145	0.35
