Pos	A	C	G	T
1	0.486301	0.119863	0.145548	0.248288
2	0.222603	0.342466	0.273973	0.160959
3	0.157534	0.068493	0.020548	0.753425
4	0.082192	0.011986	0.041096	0.864726
5	0.30137	0.063356	0.106164	0.52911
6	0.046233	0.945205	0.008562	0.0
7	0.0	0.789384	0.001712	0.208904
8	0.402397	0.297945	0.068493	0.231164
9	0.700342	0.058219	0.092466	0.148973
10	0.969178	0.001712	0.017123	0.011986
11	0.69863	0.001712	0.005137	0.294521
12	0.589041	0.082192	0.155822	0.172945
13	0.419521	0.097603	0.145548	0.337329
14	0.268836	0.0	0.731164	0.0
15	0.0	0.0	0.998288	0.001712
16	0.782534	0.046233	0.018836	0.152397
17	0.969178	0.003425	0.0	0.027397
18	0.840753	0.010274	0.065068	0.083904
19	0.159247	0.238014	0.402397	0.200342
20	0.332192	0.140411	0.078767	0.44863
21	0.375	0.130137	0.109589	0.385274
