Pos	A	C	G	T
1	0.525876	0.083472	0.128548	0.262104
2	0.210351	0.308848	0.292154	0.188648
3	0.146912	0.048414	0.011686	0.792988
4	0.063439	0.008347	0.021703	0.906511
5	0.327212	0.046745	0.083472	0.542571
6	0.023372	0.976628	0.0	0.0
7	0.0	0.789649	0.001669	0.208681
8	0.419032	0.280467	0.070117	0.230384
9	0.724541	0.051753	0.075125	0.148581
10	0.974958	0.0	0.013356	0.011686
11	0.722871	0.006678	0.0	0.270451
12	0.622705	0.088481	0.141903	0.146912
13	0.449082	0.083472	0.133556	0.33389
14	0.27379	0.0	0.72621	0.0
15	0.005008	0.0	0.994992	0.0
16	0.811352	0.035058	0.013356	0.140234
17	0.959933	0.005008	0.008347	0.026711
18	0.856427	0.008347	0.055092	0.080134
19	0.185309	0.228715	0.36394	0.222037
