Pos	A	C	G	T
1	0.269231	0.118343	0.168639	0.443787
2	0.372781	0.168639	0.218935	0.239645
3	0.372781	0.139053	0.245562	0.242604
4	0.301775	0.236686	0.227811	0.233728
5	0.378698	0.230769	0.168639	0.221893
6	0.402367	0.215976	0.109467	0.272189
7	0.556213	0.147929	0.10355	0.192308
8	0.352071	0.130178	0.100592	0.41716
9	0.37574	0.139053	0.224852	0.260355
10	0.251479	0.02071	0.159763	0.568047
11	0.485207	0.011834	0.434911	0.068047
12	0.04142	0.843195	0.0	0.115385
13	0.0	1.0	0.0	0.0
14	0.0	0.955621	0.0	0.044379
15	0.014793	0.029586	0.005917	0.949704
16	0.505917	0.02071	0.0	0.473373
17	0.792899	0.076923	0.076923	0.053254
18	0.621302	0.073964	0.073964	0.230769
