Pos	A	C	G	T
1	0.439065	0.131886	0.146912	0.282137
2	0.392321	0.131886	0.24374	0.232053
3	0.427379	0.105175	0.277129	0.190317
4	0.417362	0.1202	0.218698	0.24374
5	0.398998	0.128548	0.09015	0.382304
6	0.357262	0.191987	0.09182	0.358932
7	0.267112	0.188648	0.073456	0.470785
8	0.33389	0.203673	0.141903	0.320534
9	0.427379	0.12187	0.156928	0.293823
10	0.397329	0.111853	0.205342	0.285476
11	0.657763	0.088481	0.040067	0.213689
12	0.838063	0.0	0.0	0.161937
13	0.166945	0.505843	0.055092	0.27212
14	0.998331	0.0	0.0	0.001669
15	0.0	0.0	0.0	1.0
16	0.001669	0.0	0.0	0.998331
17	0.0	1.0	0.0	0.0
18	0.003339	0.383973	0.018364	0.594324
19	0.186978	0.250417	0.075125	0.487479
20	0.126878	0.145242	0.035058	0.692821
