Pos	A	C	G	T
1	0.400353	0.21164	0.10582	0.282187
2	0.294533	0.261023	0.098765	0.345679
3	0.19224	0.301587	0.164021	0.342152
4	0.12522	0.301587	0.109347	0.463845
5	0.186949	0.455026	0.10582	0.252205
6	0.107584	0.571429	0.054674	0.266314
7	0.0	0.931217	0.0	0.068783
8	0.998236	0.001764	0.0	0.0
9	0.78836	0.21164	0.0	0.0
10	0.0	1.0	0.0	0.0
11	0.042328	0.453263	0.001764	0.502646
12	0.975309	0.0	0.017637	0.007055
13	0.12522	0.851852	0.0	0.022928
14	0.051146	0.582011	0.0	0.366843
15	0.329806	0.081129	0.044092	0.544974
16	0.268078	0.266314	0.08642	0.379189
17	0.218695	0.361552	0.102293	0.31746
18	0.269841	0.257496	0.137566	0.335097
19	0.308642	0.262787	0.137566	0.291005
