Pos	A	C	G	T
1	0.169591	0.339181	0.216374	0.274854
2	0.497076	0.134503	0.152047	0.216374
3	0.362573	0.163743	0.233918	0.239766
4	0.269006	0.391813	0.087719	0.251462
5	0.426901	0.163743	0.181287	0.22807
6	0.25731	0.22807	0.181287	0.333333
7	0.298246	0.350877	0.076023	0.274854
8	0.444444	0.134503	0.122807	0.298246
9	0.298246	0.175439	0.169591	0.356725
10	0.0	1.0	0.0	0.0
11	0.959064	0.040936	0.0	0.0
12	0.584795	0.356725	0.05848	0.0
13	0.0	0.976608	0.023392	0.0
14	0.959064	0.0	0.0	0.040936
15	0.929825	0.070175	0.0	0.0
16	0.0	0.994152	0.0	0.005848
17	0.526316	0.163743	0.140351	0.169591
18	0.280702	0.210526	0.140351	0.368421
19	0.216374	0.298246	0.222222	0.263158
20	0.432749	0.152047	0.187135	0.22807
21	0.251462	0.28655	0.181287	0.280702
22	0.263158	0.385965	0.087719	0.263158
