Pos	A	C	G	T
1	0.298658	0.189597	0.067114	0.444631
2	0.286913	0.122483	0.291946	0.298658
3	0.135906	0.176174	0.412752	0.275168
4	0.072148	0.263423	0.124161	0.540268
5	0.122483	0.266779	0.082215	0.528523
6	0.060403	0.598993	0.080537	0.260067
7	0.984899	0.0	0.008389	0.006711
8	0.266779	0.70302	0.008389	0.021812
9	0.0	1.0	0.0	0.0
10	0.39094	0.090604	0.005034	0.513423
11	0.996644	0.0	0.001678	0.001678
12	0.41443	0.58557	0.0	0.0
13	0.057047	0.604027	0.0	0.338926
14	0.352349	0.209732	0.04698	0.39094
15	0.258389	0.330537	0.041946	0.369128
16	0.352349	0.29698	0.040268	0.310403
17	0.380872	0.256711	0.115772	0.246644
18	0.348993	0.348993	0.060403	0.241611
19	0.313758	0.409396	0.09396	0.182886
20	0.375839	0.248322	0.114094	0.261745
21	0.401007	0.286913	0.078859	0.233221
