Pos	A	C	G	T
1	0.465035	0.183566	0.118881	0.232517
2	0.484266	0.132867	0.118881	0.263986
3	0.458042	0.159091	0.101399	0.281469
4	0.414336	0.199301	0.082168	0.304196
5	0.298951	0.258741	0.075175	0.367133
6	0.208042	0.13986	0.132867	0.519231
7	0.527972	0.015734	0.15035	0.305944
8	0.660839	0.005245	0.001748	0.332168
9	0.585664	0.0	0.414336	0.0
10	0.073427	0.926573	0.0	0.0
11	0.0	1.0	0.0	0.0
12	0.0	1.0	0.0	0.0
13	0.0	0.0	0.0	1.0
14	1.0	0.0	0.0	0.0
15	0.844406	0.0	0.152098	0.003497
16	0.333916	0.152098	0.020979	0.493007
17	0.166084	0.204545	0.043706	0.585664
18	0.251748	0.23951	0.103147	0.405594
19	0.244755	0.258741	0.153846	0.342657
