Pos	A	C	G	T
1	0.362098	0.240271	0.130288	0.267343
2	0.390863	0.225042	0.142132	0.241963
3	0.299492	0.221658	0.233503	0.245347
4	0.287648	0.177665	0.167513	0.367174
5	0.411168	0.126904	0.093063	0.368866
6	0.294416	0.164129	0.265651	0.275804
7	0.179357	0.23181	0.316413	0.27242
8	0.091371	0.296108	0.103215	0.509306
9	0.128596	0.302876	0.08291	0.485618
10	0.038917	0.582064	0.043993	0.335025
11	1.0	0.0	0.0	0.0
12	0.084602	0.915398	0.0	0.0
13	0.0	1.0	0.0	0.0
14	0.37225	0.021997	0.0	0.605753
15	1.0	0.0	0.0	0.0
16	0.397631	0.602369	0.0	0.0
17	0.00846	0.670051	0.0	0.321489
18	0.380711	0.192893	0.060914	0.365482
19	0.282572	0.260575	0.079526	0.377327
