Pos	A	C	G	T
1	0.236842	0.074561	0.548246	0.140351
2	0.004386	0.0	0.0	0.995614
3	0.026316	0.0	0.008772	0.964912
4	0.188596	0.026316	0.54386	0.241228
5	0.0	1.0	0.0	0.0
6	0.0	0.0	0.048246	0.951754
7	0.0	0.008772	0.0	0.991228
8	0.105263	0.429825	0.372807	0.092105
9	0.27193	0.184211	0.135965	0.407895
10	0.280702	0.175439	0.298246	0.245614
11	0.276316	0.372807	0.100877	0.25
12	0.214912	0.307018	0.131579	0.346491
13	0.372807	0.070175	0.311404	0.245614
14	0.0	0.79386	0.105263	0.100877
15	0.995614	0.0	0.004386	0.0
16	0.79386	0.201754	0.0	0.004386
17	0.0	0.0	1.0	0.0
18	0.162281	0.258772	0.118421	0.460526
19	0.618421	0.109649	0.017544	0.254386
20	0.899123	0.004386	0.004386	0.092105
21	0.118421	0.535088	0.092105	0.254386
