Pos	A	C	G	T
1	0.023333	0.951667	0.013333	0.011667
2	0.006667	0.025	0.301667	0.666667
3	0.033333	0.006667	0.01	0.95
4	0.146667	0.19	0.62	0.043333
5	0.186667	0.175	0.06	0.578333
6	0.243333	0.238333	0.215	0.303333
7	0.236667	0.338333	0.151667	0.273333
8	0.238333	0.341667	0.113333	0.306667
9	0.633333	0.041667	0.15	0.175
10	0.001667	0.806667	0.01	0.181667
11	1.0	0.0	0.0	0.0
12	0.306667	0.693333	0.0	0.0
13	0.0	0.0	0.991667	0.008333
14	0.07	0.306667	0.083333	0.54
15	0.391667	0.163333	0.011667	0.433333
16	0.881667	0.0	0.003333	0.115
17	0.163333	0.435	0.096667	0.305
