Pos	A	C	G	T
1	0.003344	0.996656	0.0	0.0
2	0.006689	0.443144	0.341137	0.20903
3	0.016722	0.102007	0.048495	0.832776
4	0.262542	0.235786	0.33612	0.165552
5	0.29097	0.17893	0.147157	0.382943
6	0.227425	0.26087	0.145485	0.366221
7	0.188963	0.279264	0.183946	0.347826
8	0.302676	0.225753	0.137124	0.334448
9	0.489967	0.103679	0.177258	0.229097
10	0.063545	0.550167	0.061873	0.324415
11	0.981605	0.01505	0.003344	0.0
12	0.025084	0.801003	0.170569	0.003344
13	0.0	0.0	1.0	0.0
14	0.036789	0.100334	0.548495	0.314381
15	0.301003	0.568562	0.0	0.130435
16	0.924749	0.003344	0.031773	0.040134
17	0.314381	0.269231	0.088629	0.327759
18	0.227425	0.362876	0.108696	0.301003
19	0.17893	0.188963	0.205686	0.426421
