Pos	A	C	G	T
1	0.234568	0.176367	0.252205	0.336861
2	0.126984	0.310406	0.095238	0.467372
3	0.116402	0.306878	0.070547	0.506173
4	0.098765	0.56261	0.035273	0.303351
5	1.0	0.0	0.0	0.0
6	0.134039	0.851852	0.001764	0.012346
7	0.0	1.0	0.0	0.0
8	0.289242	0.008818	0.005291	0.696649
9	1.0	0.0	0.0	0.0
10	0.536155	0.458554	0.003527	0.001764
11	0.077601	0.518519	0.0	0.40388
12	0.261023	0.112875	0.012346	0.613757
13	0.283951	0.188713	0.061728	0.465608
14	0.243386	0.275132	0.081129	0.400353
15	0.292769	0.239859	0.116402	0.35097
16	0.366843	0.208113	0.112875	0.312169
17	0.349206	0.329806	0.116402	0.204586
18	0.292769	0.273369	0.10582	0.328042
19	0.340388	0.241623	0.082892	0.335097
20	0.442681	0.194004	0.142857	0.220459
21	0.395062	0.262787	0.070547	0.271605
