Pos	A	C	G	T
1	0.050847	0.002421	0.016949	0.929782
2	0.164649	0.014528	0.082324	0.738499
3	0.365617	0.072639	0.164649	0.397094
4	0.004843	0.98063	0.0	0.014528
5	0.0	0.0	0.169492	0.830508
6	0.009685	0.004843	0.0	0.985472
7	0.077482	0.116223	0.774818	0.031477
8	0.152542	0.125908	0.082324	0.639225
9	0.329298	0.157385	0.276029	0.237288
10	0.285714	0.169492	0.22276	0.322034
11	0.283293	0.276029	0.108959	0.331719
12	0.498789	0.05569	0.210654	0.234867
13	0.046005	0.651332	0.038741	0.263923
14	0.98063	0.0	0.009685	0.009685
15	0.539952	0.440678	0.01937	0.0
16	0.002421	0.0	0.917676	0.079903
17	0.154964	0.188862	0.065375	0.590799
18	0.363196	0.169492	0.004843	0.46247
19	0.782082	0.014528	0.016949	0.186441
20	0.193705	0.414044	0.075061	0.317191
21	0.150121	0.515738	0.089588	0.244552
