Pos	A	C	G	T
1	0.448333	0.04	0.115	0.396667
2	0.441667	0.201667	0.293333	0.063333
3	0.0	0.995	0.003333	0.001667
4	0.0	0.0	0.0	1.0
5	0.0	0.0	0.0	1.0
6	0.235	0.328333	0.421667	0.015
7	0.013333	0.258333	0.025	0.703333
8	0.166667	0.163333	0.16	0.51
9	0.093333	0.386667	0.16	0.36
10	0.306667	0.21	0.178333	0.305
11	0.581667	0.071667	0.318333	0.028333
12	0.003333	0.591667	0.068333	0.336667
13	1.0	0.0	0.0	0.0
14	0.996667	0.001667	0.0	0.001667
15	0.0	0.001667	0.996667	0.001667
16	0.068333	0.291667	0.05	0.59
17	0.346667	0.03	0.018333	0.605
18	0.335	0.105	0.046667	0.513333
19	0.118333	0.416667	0.318333	0.146667
20	0.263333	0.333333	0.193333	0.21
21	0.206667	0.131667	0.188333	0.473333
