Pos	A	C	G	T
1	0.296209	0.298578	0.236967	0.168246
2	0.014218	0.985782	0.0	0.0
3	0.009479	0.026066	0.781991	0.182464
4	0.042654	0.007109	0.021327	0.92891
5	0.319905	0.184834	0.438389	0.056872
6	0.303318	0.163507	0.061611	0.471564
7	0.315166	0.21327	0.154028	0.317536
8	0.298578	0.279621	0.203791	0.218009
9	0.277251	0.21564	0.177725	0.329384
10	0.516588	0.109005	0.113744	0.260664
11	0.045024	0.582938	0.090047	0.281991
12	0.983412	0.014218	0.00237	0.0
13	0.023697	0.976303	0.0	0.0
14	0.004739	0.0	0.988152	0.007109
15	0.07109	0.239336	0.182464	0.507109
16	0.559242	0.312796	0.004739	0.123223
17	0.86019	0.0	0.0	0.13981
