Pos	A	C	G	T
1	0.256667	0.126667	0.07	0.546667
2	0.278333	0.201667	0.148333	0.371667
3	0.261667	0.258333	0.17	0.31
4	0.26	0.206667	0.165	0.368333
5	0.551667	0.088333	0.121667	0.238333
6	0.006667	0.708333	0.033333	0.251667
7	1.0	0.0	0.0	0.0
8	0.0	0.995	0.0	0.005
9	0.001667	0.01	0.98	0.008333
10	0.041667	0.23	0.151667	0.576667
11	0.521667	0.366667	0.005	0.106667
12	0.651667	0.0	0.0	0.348333
13	0.048333	0.64	0.096667	0.215
14	0.066667	0.285	0.045	0.603333
15	0.195	0.136667	0.166667	0.501667
