Pos	A	C	G	T
1	0.115966	0.018487	0.386555	0.478992
2	0.566387	0.198319	0.173109	0.062185
3	0.0	0.996639	0.003361	0.0
4	0.011765	0.001681	0.969748	0.016807
5	0.011765	0.0	0.003361	0.984874
6	0.354622	0.018487	0.611765	0.015126
7	0.347899	0.131092	0.072269	0.448739
8	0.32437	0.213445	0.169748	0.292437
9	0.240336	0.242017	0.255462	0.262185
10	0.34958	0.183193	0.268908	0.198319
11	0.556303	0.058824	0.144538	0.240336
12	0.205042	0.304202	0.12437	0.366387
13	0.357983	0.104202	0.010084	0.527731
14	0.161345	0.32605	0.077311	0.435294
15	0.102521	0.053782	0.636975	0.206723
16	0.216807	0.191597	0.267227	0.32437
17	0.29916	0.433613	0.035294	0.231933
18	0.32437	0.201681	0.068908	0.405042
19	0.376471	0.119328	0.065546	0.438655
20	0.095798	0.546218	0.122689	0.235294
21	0.141176	0.245378	0.14958	0.463866
22	0.236975	0.114286	0.220168	0.428571
