Pos	A	C	G	T
1	0.222034	0.059322	0.027119	0.691525
2	0.361017	0.077966	0.091525	0.469492
3	0.415254	0.183051	0.271186	0.130508
4	0.0	0.998305	0.0	0.001695
5	0.0	0.0	0.00339	0.99661
6	0.0	0.0	0.0	1.0
7	0.235593	0.376271	0.286441	0.101695
8	0.125424	0.149153	0.09322	0.632203
9	0.189831	0.149153	0.171186	0.489831
10	0.179661	0.345763	0.062712	0.411864
11	0.320339	0.210169	0.115254	0.354237
12	0.494915	0.152542	0.177966	0.174576
13	0.020339	0.49322	0.062712	0.423729
14	0.998305	0.0	0.001695	0.0
15	0.994915	0.005085	0.0	0.0
16	0.0	0.0	1.0	0.0
17	0.062712	0.157627	0.116949	0.662712
18	0.281356	0.066102	0.020339	0.632203
19	0.462712	0.018644	0.020339	0.498305
