Pos	A	C	G	T
1	0.308333	0.026667	0.178333	0.486667
2	0.403333	0.128333	0.185	0.283333
3	0.036667	0.92	0.001667	0.041667
4	0.01	0.058333	0.36	0.571667
5	0.066667	0.021667	0.003333	0.908333
6	0.185	0.121667	0.646667	0.046667
7	0.216667	0.153333	0.06	0.57
8	0.261667	0.226667	0.241667	0.27
9	0.278333	0.333333	0.15	0.238333
10	0.283333	0.315	0.11	0.291667
11	0.641667	0.04	0.165	0.153333
12	0.0	0.82	0.045	0.135
13	1.0	0.0	0.0	0.0
14	0.401667	0.596667	0.0	0.001667
15	0.0	0.005	0.956667	0.038333
16	0.118333	0.3	0.02	0.561667
17	0.49	0.141667	0.006667	0.361667
18	0.91	0.005	0.005	0.08
