Pos	A	C	G	T
1	0.279863	0.302048	0.114334	0.303754
2	0.319113	0.303754	0.12116	0.255973
3	0.329352	0.353242	0.09215	0.225256
4	0.518771	0.187713	0.09727	0.196246
5	0.307167	0.421502	0.05802	0.213311
6	0.104096	0.406143	0.112628	0.377133
7	0.180887	0.329352	0.076792	0.412969
8	0.401024	0.389078	0.059727	0.150171
9	0.09727	0.679181	0.044369	0.179181
10	0.006826	0.887372	0.001706	0.104096
11	1.0	0.0	0.0	0.0
12	0.827645	0.172355	0.0	0.0
13	0.0	0.993174	0.006826	0.0
14	0.09215	0.494881	0.020478	0.392491
15	0.807167	0.001706	0.090444	0.100683
16	0.245734	0.539249	0.020478	0.194539
17	0.129693	0.645051	0.001706	0.223549
18	0.336177	0.095563	0.042662	0.525597
19	0.206485	0.262799	0.129693	0.401024
20	0.216724	0.380546	0.093857	0.308874
21	0.235495	0.162116	0.180887	0.421502
