Pos	A	C	G	T
1	0.230118	0.196277	0.319797	0.253807
2	0.038917	0.006768	0.035533	0.918782
3	0.145516	0.00846	0.01692	0.829103
4	0.170897	0.311337	0.147208	0.370558
5	0.0	1.0	0.0	0.0
6	0.0	0.120135	0.0	0.879865
7	0.0	0.00846	0.0	0.99154
8	0.060914	0.771574	0.077834	0.089679
9	0.492386	0.113367	0.137056	0.257191
10	0.204738	0.274112	0.120135	0.401015
11	0.13198	0.399323	0.186125	0.282572
12	0.247039	0.255499	0.162437	0.335025
13	0.175973	0.196277	0.245347	0.382403
14	0.160745	0.311337	0.284264	0.243655
15	0.886633	0.00846	0.076142	0.028765
16	0.680203	0.011844	0.306261	0.001692
17	0.0	0.005076	0.994924	0.0
18	0.338409	0.13198	0.125212	0.404399
19	0.766497	0.042301	0.0	0.191201
