Pos	A	C	G	T
1	0.332203	0.127119	0.215254	0.325424
2	0.418644	0.181356	0.19661	0.20339
3	0.269492	0.249153	0.247458	0.233898
4	0.454237	0.161017	0.218644	0.166102
5	0.289831	0.176271	0.269492	0.264407
6	0.428814	0.149153	0.242373	0.179661
7	0.305085	0.137288	0.327119	0.230508
8	0.286441	0.288136	0.194915	0.230508
9	0.371186	0.127119	0.177966	0.323729
10	0.266102	0.149153	0.291525	0.29322
11	0.122034	0.033898	0.811864	0.032203
12	0.030508	0.079661	0.071186	0.818644
13	0.1	0.008475	0.820339	0.071186
14	0.005085	0.0	0.989831	0.005085
15	0.00678	0.0	0.99322	0.0
16	0.477966	0.016949	0.430508	0.074576
17	0.040678	0.881356	0.00678	0.071186
18	0.0	1.0	0.0	0.0
19	0.001695	0.971186	0.001695	0.025424
20	0.920339	0.0	0.079661	0.0
21	0.027119	0.733898	0.071186	0.167797
