Pos	A	C	G	T
1	0.105528	0.028476	0.01005	0.855946
2	0.162479	0.008375	0.055276	0.773869
3	0.39196	0.144054	0.273032	0.190955
4	0.033501	0.966499	0.0	0.0
5	0.0	0.0	0.507538	0.492462
6	0.0	0.0	0.0	1.0
7	0.226131	0.134003	0.60804	0.031826
8	0.204355	0.130653	0.058626	0.606365
9	0.261307	0.162479	0.247906	0.328308
10	0.252931	0.249581	0.211055	0.286432
11	0.21943	0.249581	0.110553	0.420436
12	0.489112	0.073702	0.155779	0.281407
13	0.005025	0.567839	0.023451	0.403685
14	1.0	0.0	0.0	0.0
15	0.157454	0.842546	0.0	0.0
16	0.001675	0.0	0.914573	0.083752
17	0.085427	0.324958	0.073702	0.515913
18	0.556114	0.150754	0.0	0.293132
19	0.78392	0.0134	0.001675	0.201005
