Pos	A	C	G	T
1	0.147208	0.661591	0.043993	0.147208
2	0.106599	0.13198	0.284264	0.477157
3	0.258883	0.052453	0.049069	0.639594
4	0.301184	0.194585	0.377327	0.126904
5	0.270728	0.228426	0.094755	0.406091
6	0.258883	0.221658	0.152284	0.367174
7	0.250423	0.233503	0.172589	0.343486
8	0.321489	0.28088	0.094755	0.302876
9	0.805415	0.018613	0.06599	0.109983
10	0.030457	0.876481	0.025381	0.067682
11	0.971235	0.028765	0.0	0.0
12	0.150592	0.849408	0.0	0.0
13	0.001692	0.0	0.993232	0.005076
14	0.033841	0.607445	0.060914	0.2978
15	0.642978	0.14044	0.005076	0.211506
16	0.944162	0.003384	0.0	0.052453
