Pos	A	C	G	T
1	0.135397	0.058027	0.025145	0.781431
2	0.26499	0.048356	0.259188	0.427466
3	0.26499	0.290135	0.272727	0.172147
4	0.032882	0.934236	0.009671	0.023211
5	0.0	0.03675	0.415861	0.547389
6	0.0	0.042553	0.009671	0.947776
7	0.117988	0.234043	0.584139	0.06383
8	0.230174	0.193424	0.102515	0.473888
9	0.241779	0.259188	0.220503	0.27853
10	0.199226	0.353965	0.232108	0.2147
11	0.235977	0.297872	0.193424	0.272727
12	0.415861	0.10058	0.226306	0.257253
13	0.0	0.729207	0.009671	0.261122
14	1.0	0.0	0.0	0.0
15	0.137331	0.862669	0.0	0.0
16	0.003868	0.0	0.982592	0.01354
17	0.085106	0.290135	0.110251	0.514507
18	0.326886	0.268859	0.032882	0.371373
19	0.823985	0.019342	0.001934	0.154739
20	0.172147	0.448743	0.129594	0.249516
21	0.11412	0.55706	0.197292	0.131528
