Pos	A	C	G	T
1	0.35506	0.26072	0.142367	0.241852
2	0.241852	0.142367	0.432247	0.183533
3	0.255575	0.135506	0.334477	0.274443
4	0.051458	0.0	0.003431	0.945111
5	0.222985	0.018868	0.137221	0.620926
6	0.329331	0.171527	0.250429	0.248714
7	0.015437	0.984563	0.0	0.0
8	0.001715	0.010292	0.361921	0.626072
9	0.010292	0.0	0.0	0.989708
10	0.147513	0.142367	0.691252	0.018868
11	0.181818	0.181818	0.039451	0.596913
12	0.267581	0.22813	0.183533	0.320755
13	0.229846	0.315609	0.144082	0.310463
14	0.250429	0.325901	0.120069	0.303602
15	0.602058	0.048027	0.142367	0.207547
16	0.0	0.80446	0.0	0.19554
17	1.0	0.0	0.0	0.0
18	0.265866	0.734134	0.0	0.0
19	0.003431	0.0	0.975986	0.020583
