Pos	A	C	G	T
1	0.0	1.0	0.0	0.0
2	0.0	0.0	0.001675	0.998325
3	0.0	0.0	0.0	1.0
4	0.458961	0.443886	0.080402	0.01675
5	0.427136	0.140704	0.204355	0.227806
6	0.130653	0.291457	0.117253	0.460637
7	0.155779	0.450586	0.160804	0.232831
8	0.336683	0.217755	0.231156	0.214405
9	0.093802	0.323283	0.323283	0.259631
10	0.028476	0.288107	0.073702	0.609715
11	1.0	0.0	0.0	0.0
12	1.0	0.0	0.0	0.0
13	0.0	0.0	0.998325	0.001675
14	0.239531	0.194305	0.175879	0.390285
15	0.653266	0.092127	0.026801	0.227806
16	0.693467	0.0067	0.0067	0.293132
17	0.211055	0.311558	0.087102	0.390285
18	0.237856	0.365159	0.145729	0.251256
