Pos	A	C	G	T
1	0.255426	0.013356	0.128548	0.602671
2	0.385643	0.136895	0.328881	0.148581
3	0.001669	0.998331	0.0	0.0
4	0.0	0.0	0.312187	0.687813
5	0.0	0.0	0.0	1.0
6	0.085142	0.123539	0.779633	0.011686
7	0.275459	0.158598	0.086811	0.479132
8	0.27379	0.175292	0.293823	0.257095
9	0.27379	0.30384	0.21202	0.210351
10	0.290484	0.27212	0.110184	0.327212
11	0.51419	0.083472	0.203673	0.198664
12	0.0	0.858097	0.06177	0.080134
13	1.0	0.0	0.0	0.0
14	0.567613	0.432387	0.0	0.0
15	0.0	0.0	0.96995	0.03005
16	0.116861	0.400668	0.116861	0.365609
17	0.597663	0.176962	0.010017	0.215359
18	0.951586	0.0	0.0	0.048414
19	0.108514	0.54591	0.065109	0.280467
20	0.066778	0.761269	0.071786	0.100167
21	0.15192	0.116861	0.143573	0.587646
