Pos	A	C	G	T
1	0.036298	0.462795	0.021779	0.479129
2	0.203267	0.00726	0.546279	0.243194
3	0.145191	0.686025	0.099819	0.068966
4	0.0	1.0	0.0	0.0
5	0.0	0.0	0.99274	0.00726
6	0.0	0.009074	0.063521	0.927405
7	0.290381	0.190563	0.381125	0.137931
8	0.306715	0.177858	0.22686	0.288566
9	0.246824	0.297641	0.137931	0.317604
10	0.210526	0.323049	0.190563	0.275862
11	0.219601	0.188748	0.22686	0.364791
12	0.190563	0.348457	0.107078	0.353902
13	0.196007	0.442831	0.147005	0.214156
14	0.764065	0.235935	0.0	0.0
15	0.00363	0.987296	0.009074	0.0
16	0.0	0.0	0.99637	0.00363
17	0.054446	0.294011	0.279492	0.372051
18	0.217786	0.357532	0.027223	0.397459
