Pos	A	C	G	T
1	0.336222	0.107452	0.071057	0.485269
2	0.689775	0.097054	0.199307	0.013865
3	0.097054	0.795494	0.079723	0.02773
4	0.045061	0.944541	0.0	0.010399
5	0.0	0.124783	0.093588	0.781629
6	0.247834	0.12305	0.455806	0.17331
7	0.058925	0.268631	0.662045	0.010399
8	0.870017	0.017331	0.076256	0.036395
9	0.0	0.091854	0.682842	0.225303
10	0.526863	0.207972	0.057192	0.207972
11	0.715771	0.043328	0.12305	0.117851
12	0.2513	0.344887	0.17851	0.225303
13	0.70364	0.055459	0.166378	0.074523
14	0.454073	0.057192	0.031196	0.457539
15	0.500867	0.145581	0.2513	0.102253
