Pos	A	C	G	T
1	0.607679	0.036728	0.055092	0.300501
2	0.530885	0.071786	0.086811	0.310518
3	0.335559	0.106845	0.156928	0.400668
4	0.27379	0.278798	0.195326	0.252087
5	0.305509	0.148581	0.175292	0.370618
6	0.043406	0.026711	0.021703	0.90818
7	0.759599	0.001669	0.238731	0.0
8	0.989983	0.0	0.0	0.010017
9	0.0	0.0	0.0	1.0
10	0.0	0.0	0.0	1.0
11	1.0	0.0	0.0	0.0
12	0.706177	0.03172	0.258765	0.003339
13	0.12187	0.168614	0.205342	0.504174
14	0.262104	0.103506	0.24374	0.390651
15	0.500835	0.076795	0.207012	0.215359
16	0.378965	0.173623	0.148581	0.298831
17	0.260434	0.118531	0.130217	0.490818
18	0.420701	0.06177	0.111853	0.405676
19	0.622705	0.035058	0.118531	0.223706
20	0.490818	0.073456	0.083472	0.352254
21	0.275459	0.053422	0.051753	0.619366
22	0.392321	0.055092	0.078464	0.474124
