Pos	A	C	G	T
1	0.360862	0.125673	0.08079	0.432675
2	0.666068	0.096948	0.210054	0.02693
3	0.109515	0.755835	0.116697	0.017953
4	0.055655	0.933573	0.0	0.010772
5	0.012567	0.156194	0.086176	0.745063
6	0.235189	0.08079	0.520646	0.163375
7	0.057451	0.251346	0.675045	0.016158
8	0.888689	0.02693	0.05386	0.030521
9	0.0	0.073609	0.698384	0.228007
10	0.552962	0.204668	0.064632	0.177738
11	0.736086	0.02693	0.129264	0.10772
12	0.21544	0.40395	0.186715	0.193896
13	0.728905	0.05386	0.145422	0.071813
14	0.470377	0.030521	0.014363	0.48474
15	0.493716	0.141831	0.2693	0.095153
