Pos	A	C	G	T
1	0.408784	0.222973	0.189189	0.179054
2	0.543919	0.067568	0.277027	0.111486
3	0.222973	0.087838	0.628378	0.060811
4	0.641892	0.0	0.023649	0.334459
5	0.168919	0.02027	0.635135	0.175676
6	0.831081	0.081081	0.050676	0.037162
7	0.033784	0.966216	0.0	0.0
8	0.0	0.0	1.0	0.0
9	0.0	0.0	0.0	1.0
10	0.293919	0.013514	0.614865	0.077703
11	0.300676	0.128378	0.131757	0.439189
12	0.297297	0.253378	0.138514	0.310811
13	0.233108	0.260135	0.256757	0.25
14	0.378378	0.114865	0.273649	0.233108
15	0.577703	0.057432	0.14527	0.219595
16	0.273649	0.182432	0.172297	0.371622
17	0.185811	0.195946	0.067568	0.550676
18	0.226351	0.141892	0.091216	0.540541
19	0.108108	0.141892	0.472973	0.277027
20	0.266892	0.128378	0.260135	0.344595
