Pos	A	C	G	T
1	0.391156	0.214286	0.231293	0.163265
2	0.318027	0.144558	0.258503	0.278912
3	0.316327	0.205782	0.222789	0.255102
4	0.32483	0.166667	0.268707	0.239796
5	0.348639	0.12415	0.244898	0.282313
6	0.294218	0.22619	0.290816	0.188776
7	0.428571	0.132653	0.258503	0.180272
8	0.238095	0.193878	0.287415	0.280612
9	0.256803	0.154762	0.251701	0.336735
10	0.081633	0.47619	0.079932	0.362245
11	0.443878	0.066327	0.471088	0.018707
12	0.0	1.0	0.0	0.0
13	0.991497	0.0	0.0	0.008503
14	0.0	1.0	0.0	0.0
15	0.0	0.0	1.0	0.0
16	0.017007	0.006803	0.001701	0.97449
17	0.022109	0.0	0.977891	0.0
18	0.0	0.345238	0.057823	0.596939
19	0.103741	0.006803	0.882653	0.006803
20	0.173469	0.222789	0.442177	0.161565
