Pos	A	C	G	T
1	0.362319	0.057971	0.507246	0.072464
2	0.521739	0.043478	0.130435	0.304348
3	0.26087	0.086957	0.115942	0.536232
4	0.57971	0.086957	0.15942	0.173913
5	0.304348	0.057971	0.434783	0.202899
6	0.333333	0.028986	0.289855	0.347826
7	0.289855	0.231884	0.304348	0.173913
8	0.347826	0.028986	0.130435	0.492754
9	0.42029	0.043478	0.057971	0.478261
10	0.478261	0.086957	0.144928	0.289855
11	0.405797	0.130435	0.101449	0.362319
12	0.289855	0.0	0.695652	0.014493
13	0.014493	0.0	0.985507	0.0
14	0.913043	0.014493	0.0	0.072464
15	0.0	0.0	0.072464	0.927536
16	0.884058	0.0	0.0	0.115942
17	0.898551	0.101449	0.0	0.0
18	0.15942	0.072464	0.623188	0.144928
19	0.550725	0.115942	0.318841	0.014493
20	0.42029	0.115942	0.014493	0.449275
