Pos	A	C	G	T
1	0.206957	0.017391	0.702609	0.073043
2	0.789565	0.031304	0.12	0.05913
3	0.128696	0.022609	0.758261	0.090435
4	0.744348	0.022609	0.203478	0.029565
5	0.213913	0.036522	0.683478	0.066087
6	0.885217	0.0	0.083478	0.031304
7	0.0	0.013913	0.986087	0.0
8	0.984348	0.0	0.012174	0.003478
9	0.08	0.0	0.916522	0.003478
10	0.991304	0.0	0.001739	0.006957
11	0.064348	0.0	0.907826	0.027826
12	0.970435	0.0	0.024348	0.005217
13	0.048696	0.0	0.923478	0.027826
14	0.888696	0.001739	0.06087	0.048696
15	0.21913	0.012174	0.74087	0.027826
16	0.857391	0.01913	0.08	0.043478
17	0.09913	0.073043	0.787826	0.04
18	0.787826	0.0	0.083478	0.128696
19	0.142609	0.017391	0.749565	0.090435
20	0.791304	0.013913	0.125217	0.069565
21	0.163478	0.017391	0.69913	0.12
