Pos	A	C	G	T
1	0.44	0.16	0.163636363636	0.236363636364
2	0.327272727273	0.221818181818	0.229090909091	0.221818181818
3	0.345454545455138	0.134545454545054	0.0763636363636305	0.443636363636177
4	0.298181818181851	0.0945454545454527	0.130909090908935	0.476363636363762
5	0.283636363635972	0.0909090909090909	0.239999999999976	0.385454545454961
6	0.196363636363961	0.70181818181786	0.0436363636363913	0.0581818181817884
7	0.0327272727273065	0.672727272727135	0.0145454545455029	0.280000000000056
8	0.490909090909491	0.254545454545255	0.134545454545135	0.12000000000012
9	0.719999999999568	0.0363636363635782	0.138181818181917	0.105454545454937
10	0.949090909090905	0.0	0.0109090909090989	0.039999999999996
11	0.847272727272831	0.0109090909090978	0.0109090909090978	0.130909090908974
12	0.701818181818281	0.0109090909091044	0.0654545454545262	0.221818181818089
13	0.283636363636142	0.04000000000002	0.0545454545455273	0.621818181818311
14	0.512727272727	0.0	0.487272727273	0.0
15	0.0	0.0	1.0	0.0
16	0.789090909091158	0.0763636363636153	0.0218181818182044	0.112727272727023
17	0.97454545454539	0.0109090909091044	0.0145454545455058	0.0
18	0.934545454545383	0.00363636363636149	0.0545454545455224	0.00727272727273298
19	0.225454545454775	0.156363636363844	0.538181818181462	0.07999999999992
20	0.396363636363921	0.170909090908966	0.0618181818181876	0.370909090908926
21	0.374545454545	0.181818181818	0.105454545455	0.338181818182
