Pos	A	C	G	T
1	0.452527743526728	0.492601726263704	0.0197287299629882	0.0351418002465789
2	0.0517879161528845	0.580147965474826	0.0240443896423928	0.344019728729897
3	0.815659679408163	0.0283600493218057	0.0215782983970043	0.134401972873027
4	0.69913686806414	0.0117139334155023	0.0937114673243187	0.195437731196039
5	0.956226880394618	0.00616522811343753	0.0092478421701563	0.0283600493217887
6	0.787299630086425	0.00924784217016499	0.014796547472308	0.188655980271102
7	0.734278668310559	0.0141800246608915	0.155363748458907	0.0961775585696423
8	0.420468557336916	0.0129469790381974	0.158446362514968	0.408138101109918
9	0.402589395807827	0.00739827373612682	0.573366214549753	0.0166461159062928
10	0.0819975339087836	0.0369913686805926	0.834771886559833	0.0462392108507908
11	0.706535141800565	0.0943279901356755	0.104808877928084	0.0943279901356755
12	0.788532675708842	0.075215782983985	0.103575832305979	0.0326757090011935
13	0.774969173859543	0.0135635018496095	0.0998766954377699	0.111590628853078
