Pos	A	C	G	T
1	0.304347826087304	0.260869565217261	0.228260869565228	0.206521739130207
2	0.30434782608697	0.119565217390988	0.0869565217390913	0.489130434782951
3	0.304347826086878	0.0108695652173957	0.108695652173957	0.57608695652177
4	0.358695652174	0.173913043478	0.119565217391	0.347826086957
5	0.0760869565217228	0.923913043478277	0.0	0.0
6	0.0326086956521967	0.858695652173914	0.0108695652173989	0.0978260869564902
7	0.630434782609189	0.173913043478052	0.0760869565217228	0.119565217391036
8	0.728260869564927	0.0543478260869946	0.0869565217390913	0.130434782608987
9	0.93478260869572	0.0	0.0	0.0652173913042804
10	0.836956521738833	0.0108695652173978	0.0217391304347956	0.130434782608974
11	0.847826086956576	0.0869565217390565	0.0326086956521837	0.0326086956521837
12	0.36956521739137	0.108695652174109	0.152173913043152	0.36956521739137
13	0.173913043478035	0.0	0.804347826087161	0.0217391304348044
14	0.0	0.0	1.0	0.0
15	0.771739130435	0.108695652174	0.0	0.119565217391
16	0.913043478260817	0.0217391304347956	0.0217391304347956	0.0434782608695913
17	0.836956521739167	0.0760869565217152	0.0217391304348043	0.065217391304313
18	0.369565217391333	0.0869565217391783	0.423913043478381	0.119565217391108
19	0.54347826087	0.173913043478	0.054347826087	0.228260869565
20	0.413043478260917	0.228260869564954	0.0326086956521935	0.326086956521935
