Pos	A	C	G	T
1	0.321875	0.1875	0.2125	0.278125
2	0.3375	0.175	0.19375	0.29375
3	0.1625	0.171875	0.09375	0.571875
4	0.028125	0.025	0.871875	0.075
5	0.46875	0.515625	0.003125	0.0125
6	0.0	0.990625	0.003125	0.00625
7	0.96875	0.003125	0.028125	0.0
8	0.009375	0.971875	0.015625	0.003125
9	0.003125	0.015625	0.971875	0.009375
10	0.0	0.028125	0.003125	0.96875
11	0.00625	0.003125	0.990625	0.0
12	0.0125	0.003125	0.515625	0.46875
13	0.075	0.871875	0.025	0.028125
14	0.571875	0.09375	0.171875	0.1625
15	0.29375	0.19375	0.175	0.3375
16	0.278125	0.2125	0.1875	0.321875
