Pos	A	C	G	T
1	0.323878918693444	0.225373693768852	0.225373693768852	0.225373693768852
2	0.323878918693444	0.225373693768852	0.225373693768852	0.225373693768852
3	0.290081202273742	0.302309749191814	0.203804524267222	0.203804524267222
4	0.238223997859266	0.250478123395188	0.27304830226843	0.238249576477116
5	0.072937428797982	0.072937428797982	0.072937428797982	0.781187713606054
6	0.708417529617088	0.193323193706873	0.000196758598842666	0.0980625180771963
7	0.000196758598842666	0.815267286718598	0.000196758598842666	0.184339196083717
8	0.184339196083717	0.000196758598842666	0.815267286718598	0.000196758598842666
9	0.925530805510028	0.0248230648299907	0.0248230648299907	0.0248230648299907
10	0.0248230648299907	0.0248230648299907	0.839254127503507	0.111099742836511
11	0.0463922343316209	0.0463922343316209	0.860823297005137	0.0463922343316209
12	0.20063080806789	0.0982238601282472	0.0982238601282472	0.602921471675616
13	0.177259329800861	0.177259329800861	0.177259329800861	0.468222010597418
