Pos	A	C	G	T
1	0.291917383581864	0.207727104676554	0.292628407255591	0.207727104676554
2	0.474838842139863	0.18756644202333	0.0705165342947373	0.267078181732634
3	0.0257921918433759	0.72606177722254	0.222353839281272	0.0257921918433759
4	0.999750755485103	8.30815684869617e-05	8.30815684869617e-05	8.30815684869617e-05
5	8.30815684869617e-05	0.999750755485103	8.30815684869617e-05	8.30815684869617e-05
6	8.30815684869617e-05	8.30815684869617e-05	0.999750755485103	8.30815684869617e-05
7	8.30815684869617e-05	8.30815684869617e-05	8.30815684869617e-05	0.999750755485103
8	8.30815684869617e-05	0.0727073639715603	0.927126473082029	8.30815684869617e-05
9	0.114980259342647	0.0423559769395735	0.642630125250918	0.200033638657426
10	0.247265128080475	0.393601777467307	0.17956654732139	0.17956654732139
11	0.327127330872307	0.224290889772752	0.224290889772752	0.224290889772752
