Pos	A	C	G	T
1	0.197531	0.442681	0.137566	0.222222
2	0.252205	0.167549	0.345679	0.234568
3	0.153439	0.453263	0.114638	0.27866
4	0.17284	0.516755	0.109347	0.201058
5	0.268078	0.095238	0.379189	0.257496
6	0.148148	0.469136	0.134039	0.248677
7	0.199295	0.516755	0.082892	0.201058
8	0.308642	0.126984	0.312169	0.252205
9	0.156966	0.425044	0.130511	0.287478
10	0.135802	0.652557	0.028219	0.183422
11	0.201058	0.059965	0.377425	0.361552
12	0.054674	0.70194	0.153439	0.089947
13	0.111111	0.888889	0.0	0.0
14	0.015873	0.0	0.9806	0.003527
15	0.0	0.992945	0.003527	0.003527
16	0.0	1.0	0.0	0.0
17	0.017637	0.0	0.982363	0.0
18	0.007055	0.663139	0.008818	0.320988
19	0.178131	0.703704	0.015873	0.102293
20	0.541446	0.015873	0.289242	0.153439
