Pos	A	C	G	T
1	0.190141	0.397887	0.149648	0.262324
2	0.214789	0.452465	0.114437	0.21831
3	0.332746	0.183099	0.232394	0.251761
4	0.200704	0.457746	0.135563	0.205986
5	0.193662	0.482394	0.116197	0.207746
6	0.339789	0.161972	0.235915	0.262324
7	0.18662	0.440141	0.121479	0.251761
8	0.193662	0.487676	0.091549	0.227113
9	0.371479	0.121479	0.239437	0.267606
10	0.18662	0.455986	0.125	0.232394
11	0.179577	0.538732	0.089789	0.191901
12	0.306338	0.073944	0.251761	0.367958
13	0.045775	0.693662	0.088028	0.172535
14	0.0	1.0	0.0	0.0
15	0.933099	0.0	0.06338	0.003521
16	0.0	1.0	0.0	0.0
17	0.001761	0.998239	0.0	0.0
18	0.007042	0.001761	0.991197	0.0
19	0.526408	0.301056	0.0	0.172535
20	0.0	0.982394	0.0	0.017606
