Pos	A	C	G	T
1	0.267257	0.437168	0.046018	0.249558
2	0.263717	0.061947	0.286726	0.387611
3	0.046018	0.640708	0.244248	0.069027
4	0.026549	0.971681	0.0	0.00177
5	0.0	0.0	0.99823	0.00177
6	0.0	1.0	0.0	0.0
7	0.0	1.0	0.0	0.0
8	0.0	0.0	1.0	0.0
9	0.017699	0.907965	0.0	0.074336
10	0.099115	0.897345	0.0	0.00354
11	0.656637	0.00708	0.233628	0.102655
12	0.161062	0.323894	0.065487	0.449558
13	0.290265	0.217699	0.054867	0.437168
14	0.336283	0.102655	0.185841	0.375221
15	0.157522	0.357522	0.141593	0.343363
16	0.20354	0.39646	0.129204	0.270796
17	0.260177	0.169912	0.307965	0.261947
18	0.19292	0.378761	0.164602	0.263717
19	0.228319	0.359292	0.189381	0.223009
20	0.223009	0.217699	0.320354	0.238938
