Pos	A	C	G	T
1	0.286506	0.110906	0.236599	0.365989
2	0.075786	0.648799	0.083179	0.192237
3	0.0	0.994455	0.0	0.005545
4	0.972274	0.0	0.020333	0.007394
5	0.0	1.0	0.0	0.0
6	0.0	1.0	0.0	0.0
7	0.001848	0.0	0.998152	0.0
8	0.539741	0.245841	0.009242	0.205176
9	0.0	1.0	0.0	0.0
10	0.720887	0.018484	0.151571	0.109057
11	0.260628	0.430684	0.072089	0.236599
12	0.268022	0.373383	0.097967	0.260628
13	0.340111	0.10536	0.28281	0.271719
14	0.232902	0.358595	0.157116	0.251386
15	0.190388	0.499076	0.085028	0.225508
16	0.32902	0.170055	0.264325	0.236599
17	0.236599	0.386322	0.146026	0.231054
18	0.177449	0.471349	0.142329	0.208872
19	0.288355	0.216266	0.238447	0.256932
20	0.236599	0.35305	0.158965	0.251386
21	0.227357	0.438078	0.147874	0.186691
