Pos	A	C	G	T
1	0.121417	0.468803	0.08769	0.322091
2	0.136594	0.517707	0.116358	0.229342
3	0.286678	0.160202	0.284992	0.268128
4	0.155143	0.541315	0.047218	0.256324
5	0.124789	0.610455	0.074199	0.190556
6	0.23946	0.177066	0.340641	0.242833
7	0.131535	0.529511	0.091062	0.247892
8	0.139966	0.617201	0.030354	0.212479
9	0.291737	0.106239	0.290051	0.311973
10	0.065767	0.541315	0.092749	0.300169
11	0.146712	0.693086	0.033727	0.126476
12	0.210793	0.033727	0.387858	0.367622
13	0.062395	0.787521	0.067454	0.082631
14	0.084317	0.885329	0.0	0.030354
15	0.118044	0.0	0.833052	0.048904
16	0.010118	0.96796	0.0	0.021922
17	0.0	1.0	0.0	0.0
18	0.092749	0.0	0.876897	0.030354
19	0.006745	0.551433	0.016863	0.424958
20	0.150084	0.664418	0.059022	0.126476
21	0.532884	0.040472	0.224283	0.202361
