Pos	A	C	G	T
1	0.106306	0.475676	0.127928	0.29009
2	0.100901	0.790991	0.014414	0.093694
3	0.165766	0.010811	0.455856	0.367568
4	0.012613	0.87027	0.061261	0.055856
5	0.066667	0.926126	0.0	0.007207
6	0.082883	0.0	0.888288	0.028829
7	0.001802	0.98018	0.0	0.018018
8	0.007207	0.992793	0.0	0.0
9	0.059459	0.0	0.893694	0.046847
10	0.023423	0.648649	0.027027	0.300901
11	0.167568	0.69009	0.010811	0.131532
12	0.468468	0.030631	0.300901	0.2
13	0.156757	0.486486	0.066667	0.29009
14	0.27027	0.484685	0.057658	0.187387
15	0.241441	0.07027	0.430631	0.257658
16	0.095495	0.6	0.113514	0.190991
17	0.174775	0.618018	0.057658	0.14955
18	0.207207	0.124324	0.477477	0.190991
19	0.108108	0.605405	0.09009	0.196396
20	0.16036	0.636036	0.043243	0.16036
21	0.252252	0.142342	0.443243	0.162162
