Pos	A	C	G	T
1	0.255102	0.15102	0.261224	0.332653
2	0.081633	0.510204	0.159184	0.24898
3	0.073469	0.842857	0.018367	0.065306
4	0.140816	0.046939	0.461224	0.35102
5	0.008163	0.812245	0.106122	0.073469
6	0.004082	0.995918	0.0	0.0
7	0.053061	0.0	0.930612	0.016327
8	0.0	0.979592	0.0	0.020408
9	0.0	0.997959	0.0	0.002041
10	0.046939	0.0	0.938776	0.014286
11	0.02449	0.614286	0.040816	0.320408
12	0.153061	0.618367	0.044898	0.183673
13	0.420408	0.055102	0.297959	0.226531
14	0.242857	0.473469	0.089796	0.193878
15	0.271429	0.385714	0.083673	0.259184
16	0.255102	0.114286	0.381633	0.24898
17	0.12449	0.514286	0.114286	0.246939
18	0.220408	0.518367	0.097959	0.163265
19	0.146939	0.163265	0.453061	0.236735
20	0.179592	0.489796	0.104082	0.226531
21	0.138776	0.567347	0.089796	0.204082
