Pos	A	C	G	T
1	0.367174	0.258883	0.248731	0.125212
2	0.120135	0.813875	0.025381	0.040609
3	0.895093	0.064298	0.028765	0.011844
4	0.912014	0.005076	0.045685	0.037225
5	0.0	0.996616	0.0	0.003384
6	0.984772	0.0	0.015228	0.0
7	0.275804	0.054146	0.470389	0.199662
8	0.774958	0.033841	0.047377	0.143824
9	0.637902	0.021997	0.155668	0.184433
10	0.610829	0.042301	0.071066	0.275804
11	0.37225	0.170897	0.07445	0.382403
12	0.255499	0.377327	0.028765	0.338409
13	0.642978	0.13198	0.07445	0.150592
14	0.167513	0.407783	0.038917	0.385787
15	0.147208	0.588832	0.104907	0.159052
16	0.235195	0.211506	0.001692	0.551607
17	0.038917	0.113367	0.546531	0.301184
18	0.392555	0.084602	0.340102	0.182741
19	0.406091	0.120135	0.236887	0.236887
20	0.468697	0.150592	0.15736	0.22335
21	0.402707	0.203046	0.181049	0.213198
