Pos	A	C	G	T
1	0.333898	0.272881	0.269492	0.123729
2	0.110169	0.861017	0.013559	0.015254
3	0.913559	0.054237	0.018644	0.013559
4	0.927119	0.008475	0.045763	0.018644
5	0.0	1.0	0.0	0.0
6	0.986441	0.0	0.013559	0.0
7	0.3	0.040678	0.469492	0.189831
8	0.79322	0.032203	0.037288	0.137288
9	0.654237	0.018644	0.159322	0.167797
10	0.625424	0.050847	0.057627	0.266102
11	0.350847	0.186441	0.076271	0.386441
12	0.261017	0.323729	0.030508	0.384746
13	0.686441	0.123729	0.071186	0.118644
14	0.140678	0.330508	0.042373	0.486441
15	0.171186	0.484746	0.177966	0.166102
16	0.347458	0.186441	0.0	0.466102
17	0.037288	0.155932	0.464407	0.342373
