Pos	A	C	G	T
1	0.28125	0.075	0.14375	0.5
2	0.025	0.71875	0.121875	0.134375
3	0.090625	0.85625	0.01875	0.034375
4	0.33125	0.04375	0.40625	0.21875
5	0.05	0.9125	0.028125	0.009375
6	0.021875	0.940625	0.00625	0.03125
7	0.2375	0.0125	0.615625	0.134375
8	0.015625	0.878125	0.028125	0.078125
9	0.05625	0.94375	0.0	0.0
10	0.30625	0.0125	0.5125	0.16875
11	0.05	0.759375	0.03125	0.159375
12	0.08125	0.78125	0.021875	0.115625
13	0.25625	0.003125	0.378125	0.3625
14	0.00625	0.928125	0.009375	0.05625
15	0.05625	0.9	0.0125	0.03125
16	0.253125	0.0	0.6	0.146875
17	0.025	0.91875	0.0125	0.04375
18	0.046875	0.84375	0.01875	0.090625
19	0.20625	0.025	0.63125	0.1375
20	0.059375	0.7875	0.003125	0.15
21	0.115625	0.6625	0.034375	0.1875
