Pos	A	C	G	T
1	0.153846	0.066667	0.497436	0.282051
2	0.215385	0.025641	0.569231	0.189744
3	0.015385	0.876923	0.0	0.107692
4	0.748718	0.046154	0.123077	0.082051
5	0.010256	0.958974	0.015385	0.015385
6	0.148718	0.020513	0.8	0.030769
7	0.302564	0.210256	0.328205	0.158974
8	0.471795	0.046154	0.082051	0.4
9	0.189744	0.102564	0.025641	0.682051
10	0.220513	0.420513	0.0	0.358974
11	0.066667	0.528205	0.005128	0.4
12	0.0	0.989744	0.0	0.010256
13	0.241026	0.046154	0.646154	0.066667
14	0.969231	0.0	0.030769	0.0
15	0.082051	0.046154	0.728205	0.14359
16	0.389744	0.015385	0.584615	0.010256
17	0.410256	0.317949	0.051282	0.220513
18	0.410256	0.14359	0.251282	0.194872
19	0.369231	0.169231	0.276923	0.184615
