Pos	A	C	G	T
1	0.204819	0.423408	0.151463	0.22031
2	0.22031	0.358003	0.118761	0.302926
3	0.237522	0.216867	0.282272	0.263339
4	0.180723	0.418244	0.144578	0.256454
5	0.251291	0.449225	0.082616	0.216867
6	0.289157	0.051635	0.246127	0.413081
7	0.108434	0.444062	0.096386	0.351119
8	0.45611	0.542169	0.001721	0.0
9	0.0	0.0	0.993115	0.006885
10	0.0	0.998279	0.0	0.001721
11	0.0	0.996558	0.0	0.003442
12	0.0	0.0	1.0	0.0
13	0.0	1.0	0.0	0.0
14	0.003442	0.994836	0.0	0.001721
15	0.442341	0.012048	0.419966	0.125645
16	0.032702	0.516351	0.08778	0.363167
17	0.209983	0.39759	0.079174	0.313253
18	0.375215	0.072289	0.32358	0.228916
19	0.246127	0.370052	0.137694	0.246127
20	0.271945	0.344234	0.11704	0.266781
21	0.320138	0.101549	0.340792	0.237522
22	0.208262	0.3821	0.179002	0.230637
23	0.208262	0.370052	0.144578	0.277108
24	0.240964	0.223752	0.328744	0.20654
25	0.209983	0.35284	0.137694	0.299484
26	0.225473	0.392427	0.158348	0.223752
27	0.244406	0.182444	0.306368	0.266781
28	0.211704	0.342513	0.185886	0.259897
