Pos	A	C	G	T
1	0.191453	0.423932	0.147009	0.237607
2	0.179487	0.432479	0.150427	0.237607
3	0.222222	0.225641	0.266667	0.28547
4	0.164103	0.410256	0.17094	0.254701
5	0.222222	0.45812	0.092308	0.22735
6	0.297436	0.112821	0.309402	0.280342
7	0.158974	0.482051	0.123077	0.235897
8	0.078632	0.777778	0.02735	0.116239
9	0.111111	0.020513	0.574359	0.294017
10	0.025641	0.728205	0.218803	0.02735
11	0.001709	0.996581	0.0	0.001709
12	0.013675	0.0	0.979487	0.006838
13	0.001709	0.97094	0.013675	0.013675
14	0.006838	0.989744	0.003419	0.0
15	0.001709	0.0	0.998291	0.0
16	0.05812	0.471795	0.051282	0.418803
17	0.232479	0.487179	0.02906	0.251282
18	0.48547	0.035897	0.218803	0.259829
19	0.28547	0.396581	0.042735	0.275214
20	0.259829	0.376068	0.082051	0.282051
21	0.213675	0.121368	0.398291	0.266667
22	0.136752	0.500855	0.107692	0.254701
23	0.188034	0.509402	0.150427	0.152137
24	0.186325	0.194872	0.406838	0.211966
25	0.160684	0.494017	0.135043	0.210256
