Pos	A	C	G	T
1	0.165812	0.480342	0.182906	0.17094
2	0.211966	0.382906	0.158974	0.246154
3	0.230769	0.158974	0.340171	0.270085
4	0.160684	0.444444	0.150427	0.244444
5	0.196581	0.447863	0.128205	0.22735
6	0.205128	0.169231	0.394872	0.230769
7	0.140171	0.500855	0.153846	0.205128
8	0.205128	0.471795	0.097436	0.225641
9	0.309402	0.136752	0.352137	0.201709
10	0.160684	0.459829	0.148718	0.230769
11	0.203419	0.529915	0.052991	0.213675
12	0.239316	0.078632	0.328205	0.353846
13	0.039316	0.625641	0.189744	0.145299
14	0.247863	0.71453	0.030769	0.006838
15	0.006838	0.0	0.989744	0.003419
16	0.0	1.0	0.0	0.0
17	0.008547	0.991453	0.0	0.0
18	0.041026	0.0	0.948718	0.010256
19	0.0	0.912821	0.006838	0.080342
20	0.005128	0.989744	0.0	0.005128
21	0.434188	0.010256	0.403419	0.152137
