Pos	A	C	G	T
1	0.188713	0.407407	0.149912	0.253968
2	0.183422	0.432099	0.171076	0.213404
3	0.333333	0.194004	0.269841	0.202822
4	0.183422	0.440917	0.162257	0.213404
5	0.135802	0.497354	0.146384	0.220459
6	0.354497	0.164021	0.27866	0.202822
7	0.156966	0.465608	0.144621	0.232804
8	0.199295	0.485009	0.12522	0.190476
9	0.285714	0.149912	0.313933	0.250441
10	0.15873	0.416226	0.109347	0.315697
11	0.190476	0.582011	0.05291	0.174603
12	0.218695	0.070547	0.335097	0.375661
13	0.035273	0.659612	0.169312	0.135802
14	0.084656	0.853616	0.021164	0.040564
15	0.624339	0.0	0.375661	0.0
16	0.0	0.996473	0.003527	0.0
17	0.0	1.0	0.0	0.0
18	0.003527	0.0	0.994709	0.001764
19	0.342152	0.35097	0.037037	0.269841
20	0.012346	0.962963	0.005291	0.0194
