Pos	A	C	G	T
1	0.026711	0.769616	0.111853	0.09182
2	0.081803	0.8798	0.013356	0.025042
3	0.108514	0.0	0.829716	0.06177
4	0.013356	0.928214	0.041736	0.016694
5	0.023372	0.976628	0.0	0.0
6	0.083472	0.0	0.888147	0.028381
7	0.008347	0.711185	0.013356	0.267112
8	0.218698	0.677796	0.008347	0.095159
9	0.419032	0.011686	0.407346	0.161937
10	0.078464	0.584307	0.025042	0.312187
11	0.191987	0.614357	0.033389	0.160267
12	0.186978	0.016694	0.57596	0.220367
13	0.050083	0.749583	0.023372	0.176962
14	0.095159	0.72788	0.055092	0.12187
15	0.21202	0.06177	0.601002	0.125209
