Pos	A	C	G	T
1	0.214162	0.354059	0.169257	0.262522
2	0.248705	0.198618	0.24525	0.307427
3	0.150259	0.417962	0.15544	0.276339
4	0.202073	0.398964	0.124352	0.274611
5	0.26943	0.174439	0.324698	0.231434
6	0.17962	0.400691	0.143351	0.276339
7	0.196891	0.450777	0.094991	0.25734
8	0.291883	0.169257	0.279793	0.259067
9	0.138169	0.492228	0.122625	0.246978
10	0.162349	0.519862	0.056995	0.260794
11	0.205527	0.119171	0.297064	0.378238
12	0.051813	0.630397	0.205527	0.112263
13	0.157168	0.830743	0.01209	0.0
14	0.001727	0.0	0.996546	0.001727
15	0.001727	0.994819	0.003454	0.0
16	0.0	1.0	0.0	0.0
17	0.0	0.0	1.0	0.0
18	0.010363	0.810017	0.001727	0.177893
19	0.069085	0.927461	0.0	0.003454
20	0.602763	0.01209	0.283247	0.1019
21	0.208981	0.207254	0.039724	0.544041
