Pos	A	C	G	T
1	0.153439	0.492063	0.156966	0.197531
2	0.181658	0.527337	0.061728	0.229277
3	0.218695	0.123457	0.338624	0.319224
4	0.047619	0.578483	0.190476	0.183422
5	0.181658	0.795414	0.0194	0.003527
6	0.010582	0.0	0.982363	0.007055
7	0.001764	0.982363	0.015873	0.0
8	0.0	1.0	0.0	0.0
9	0.017637	0.0	0.978836	0.003527
10	0.003527	0.895944	0.007055	0.093474
11	0.0	0.998236	0.0	0.001764
12	0.410935	0.001764	0.514991	0.07231
13	0.102293	0.532628	0.067019	0.29806
14	0.255732	0.398589	0.098765	0.246914
15	0.342152	0.077601	0.366843	0.213404
16	0.185185	0.488536	0.126984	0.199295
17	0.218695	0.477954	0.070547	0.232804
18	0.259259	0.10582	0.412698	0.222222
19	0.153439	0.449735	0.176367	0.220459
20	0.185185	0.488536	0.126984	0.199295
21	0.197531	0.190476	0.440917	0.171076
