Pos	A	C	G	T
1	0.196522	0.106087	0.102609	0.594783
2	0.177391	0.132174	0.074783	0.615652
3	0.198261	0.102609	0.066087	0.633043
4	0.074783	0.081739	0.170435	0.673043
5	0.116522	0.102609	0.017391	0.763478
6	0.083478	0.008696	0.067826	0.84
7	0.017391	0.090435	0.038261	0.853913
8	0.04	0.031304	0.031304	0.897391
9	0.06087	0.0	0.04	0.89913
10	0.015652	0.026087	0.0	0.958261
11	0.0	0.0	0.024348	0.975652
12	0.010435	0.026087	0.0	0.963478
13	0.010435	0.006957	0.008696	0.973913
14	0.003478	0.006957	0.017391	0.972174
15	0.013913	0.0	0.013913	0.972174
16	0.017391	0.008696	0.0	0.973913
17	0.0	0.012174	0.0	0.987826
18	0.0	0.013913	0.0	0.986087
19	0.0	0.003478	0.006957	0.989565
20	0.003478	0.0	0.010435	0.986087
21	0.0	0.0	0.0	1.0
22	0.0	0.005217	0.0	0.994783
23	0.0	0.0	0.0	1.0
24	0.007593	0.000233	0.003711	0.988463
25	0.0	0.029565	0.008696	0.961739
26	0.005217	0.017391	0.062609	0.914783
27	0.057391	0.0	0.332174	0.610435
28	0.121739	0.029565	0.163478	0.685217
29	0.144985	0.360233	0.231537	0.263245
