Pos	A	C	G	T
1	0.39399	0.160267	0.186978	0.258765
2	0.263773	0.318865	0.168614	0.248748
3	0.33389	0.165275	0.30217	0.198664
4	0.337229	0.166945	0.237062	0.258765
5	0.267112	0.24207	0.220367	0.270451
6	0.340568	0.113523	0.305509	0.240401
7	0.465776	0.143573	0.138564	0.252087
8	0.247078	0.186978	0.088481	0.477462
9	0.12187	0.09015	0.702838	0.085142
10	0.51419	0.33222	0.15025	0.003339
11	0.006678	0.003339	0.0	0.989983
12	0.0	0.0	0.881469	0.118531
13	0.998331	0.0	0.0	0.001669
14	0.0	0.96995	0.001669	0.028381
15	0.026711	0.0	0.973289	0.0
16	0.0	0.0	0.0	1.0
17	0.010017	0.986644	0.003339	0.0
18	1.0	0.0	0.0	0.0
19	0.013356	0.395659	0.113523	0.477462
20	0.237062	0.307179	0.115192	0.340568
