Pos	A	C	G	T
1	0.252066	0.14876	0.132231	0.466942
2	0.252066	0.132231	0.140496	0.475207
3	0.247934	0.177686	0.132231	0.442149
4	0.297521	0.11157	0.115702	0.475207
5	0.239669	0.095041	0.115702	0.549587
6	0.103306	0.061983	0.045455	0.789256
7	0.0	0.024793	0.020661	0.954545
8	0.0	0.008264	0.0	0.991736
9	0.0	0.024793	0.004132	0.971074
10	0.0	0.004132	0.991736	0.004132
11	0.0	0.008264	0.061983	0.929752
12	0.008264	0.979339	0.0	0.012397
13	0.053719	0.086777	0.636364	0.22314
14	0.008264	0.03719	0.057851	0.896694
15	0.028926	0.132231	0.053719	0.785124
16	0.144628	0.0	0.024793	0.830579
17	0.268595	0.020661	0.004132	0.706612
18	0.086777	0.367769	0.446281	0.099174
19	0.016529	0.272727	0.016529	0.694215
20	0.157025	0.061983	0.483471	0.297521
