Pos	A	C	G	T
1	0.126263	0.520202	0.237374	0.116162
2	0.212121	0.090909	0.505051	0.191919
3	0.191919	0.151515	0.121212	0.535354
4	0.111111	0.20202	0.626263	0.060606
5	0.505051	0.116162	0.151515	0.227273
6	0.30303	0.161616	0.292929	0.242424
7	0.323232	0.116162	0.242424	0.318182
8	0.368687	0.186869	0.318182	0.126263
9	0.131313	0.247475	0.363636	0.257576
10	0.0	0.974747	0.025253	0.0
11	1.0	0.0	0.0	0.0
12	0.0	1.0	0.0	0.0
13	0.005051	0.0	0.964646	0.030303
14	0.0	0.0	0.0	1.0
15	0.0	0.0	1.0	0.0
16	0.373737	0.343434	0.161616	0.121212
17	0.156566	0.333333	0.262626	0.247475
18	0.323232	0.191919	0.242424	0.242424
19	0.191919	0.30303	0.212121	0.292929
20	0.19697	0.439394	0.181818	0.181818
21	0.419192	0.055556	0.090909	0.434343
