Pos	A	C	G	T
1	0.562044	0.116788	0.189781	0.131387
2	0.087591	0.649635	0.080292	0.182482
3	0.109489	0.116788	0.671533	0.10219
4	0.131387	0.116788	0.051095	0.70073
5	0.051095	0.20438	0.620438	0.124088
6	0.372263	0.343066	0.124088	0.160584
7	0.321168	0.160584	0.233577	0.284672
8	0.270073	0.20438	0.175182	0.350365
9	0.20438	0.350365	0.430657	0.014599
10	0.065693	0.116788	0.233577	0.583942
11	0.0	1.0	0.0	0.0
12	1.0	0.0	0.0	0.0
13	0.0	1.0	0.0	0.0
14	0.0	0.0	1.0	0.0
15	0.0	0.0	0.0	1.0
16	0.0	0.0	1.0	0.0
17	0.562044	0.262774	0.080292	0.094891
18	0.029197	0.583942	0.145985	0.240876
