Pos	A	C	G	T
1	0.0	0.998291	0.0	0.001709
2	0.977778	0.010256	0.011966	0.0
3	0.0	0.960684	0.0	0.039316
4	0.003419	0.0	0.996581	0.0
5	0.0	0.006838	0.0	0.993162
6	0.001709	0.0	0.998291	0.0
7	0.311111	0.37265	0.119658	0.196581
8	0.105983	0.497436	0.164103	0.232479
9	0.338462	0.217094	0.188034	0.25641
10	0.223932	0.302564	0.148718	0.324786
11	0.271795	0.193162	0.249573	0.28547
12	0.145299	0.48547	0.157265	0.211966
13	0.411966	0.211966	0.237607	0.138462
14	0.155556	0.488889	0.128205	0.22735
15	0.162393	0.276923	0.423932	0.136752
16	0.188034	0.252991	0.189744	0.369231
17	0.215385	0.160684	0.336752	0.287179
18	0.191453	0.28547	0.312821	0.210256
19	0.237607	0.323077	0.158974	0.280342
