Pos	A	C	G	T
1	0.48	0.11	0.1	0.31
2	0.441667	0.118333	0.121667	0.318333
3	0.298333	0.098333	0.248333	0.355
4	0.188333	0.088333	0.211667	0.511667
5	0.103333	0.191667	0.08	0.625
6	0.363333	0.228333	0.043333	0.365
7	0.531667	0.26	0.126667	0.081667
8	0.0	1.0	0.0	0.0
9	0.0	0.001667	0.0	0.998333
10	0.0	0.0	0.0	1.0
11	0.0	0.0	0.0	1.0
12	0.175	0.003333	0.0	0.821667
13	0.068333	0.11	0.033333	0.788333
14	0.2	0.275	0.275	0.25
15	0.24	0.276667	0.131667	0.351667
16	0.186667	0.288333	0.101667	0.423333
17	0.161667	0.213333	0.116667	0.508333
18	0.126667	0.193333	0.091667	0.588333
19	0.131667	0.213333	0.076667	0.578333
20	0.2	0.111667	0.081667	0.606667
21	0.206667	0.138333	0.083333	0.571667
