Pos	A	C	G	T
1	0.295	0.311667	0.226667	0.166667
2	0.14	0.595	0.14	0.125
3	0.11	0.095	0.708333	0.086667
4	0.088333	0.38	0.086667	0.445
5	0.121667	0.02	0.731667	0.126667
6	0.065	0.031667	0.171667	0.731667
7	0.306667	0.181667	0.273333	0.238333
8	0.341667	0.135	0.213333	0.31
9	0.396667	0.095	0.288333	0.22
10	0.493333	0.141667	0.12	0.245
11	0.43	0.148333	0.181667	0.24
12	0.381667	0.305	0.26	0.053333
13	0.043333	0.93	0.01	0.016667
14	0.01	0.0	0.99	0.0
15	0.036667	0.5	0.0	0.463333
16	0.01	0.0	0.963333	0.026667
17	0.01	0.02	0.083333	0.886667
18	0.21	0.153333	0.318333	0.318333
