Pos	A	C	G	T
1	0.27	0.211667	0.131667	0.386667
2	0.261667	0.135	0.121667	0.481667
3	0.18	0.113333	0.151667	0.555
4	0.096667	0.205	0.03	0.668333
5	0.298333	0.175	0.046667	0.48
6	0.661667	0.14	0.163333	0.035
7	0.0	1.0	0.0	0.0
8	0.0	0.003333	0.0	0.996667
9	0.0	0.0	0.0	1.0
10	0.0	0.0	0.0	1.0
11	0.258333	0.001667	0.02	0.72
12	0.058333	0.086667	0.068333	0.786667
13	0.166667	0.21	0.28	0.343333
14	0.206667	0.176667	0.218333	0.398333
15	0.23	0.243333	0.12	0.406667
16	0.208333	0.166667	0.16	0.465
17	0.216667	0.185	0.136667	0.461667
18	0.271667	0.19	0.11	0.428333
19	0.296667	0.133333	0.128333	0.441667
