Pos	A	C	G	T
1	0.289384	0.135274	0.017123	0.558219
2	0.0	0.97774	0.0	0.02226
3	0.054795	0.003425	0.90411	0.037671
4	0.376712	0.02226	0.047945	0.553082
5	0.22774	0.460616	0.070205	0.241438
6	0.42637	0.005137	0.184932	0.383562
7	0.075342	0.087329	0.003425	0.833904
8	0.0	1.0	0.0	0.0
9	0.02911	0.006849	0.936644	0.027397
10	0.39726	0.042808	0.034247	0.525685
11	0.138699	0.320205	0.070205	0.47089
12	0.214041	0.22089	0.214041	0.351027
13	0.208904	0.205479	0.094178	0.491438
14	0.148973	0.465753	0.164384	0.22089
15	0.277397	0.142123	0.333904	0.246575
