Pos	A	C	G	T
1	0.173333	0.186667	0.116667	0.523333
2	0.175	0.215	0.101667	0.508333
3	0.198333	0.29	0.083333	0.428333
4	0.145	0.213333	0.058333	0.583333
5	0.161667	0.188333	0.065	0.585
6	0.166667	0.171667	0.065	0.596667
7	0.193333	0.206667	0.12	0.48
8	0.188333	0.183333	0.1	0.528333
9	0.141667	0.211667	0.071667	0.575
10	0.183333	0.11	0.096667	0.61
11	0.138333	0.11	0.103333	0.648333
12	0.05	0.22	0.031667	0.698333
13	0.32	0.158333	0.07	0.451667
14	0.45	0.183333	0.213333	0.153333
15	0.0	1.0	0.0	0.0
16	0.0	0.0	0.0	1.0
17	0.0	0.0	0.0	1.0
18	0.0	0.0	0.0	1.0
19	0.216667	0.025	0.0	0.758333
20	0.098333	0.075	0.11	0.716667
21	0.148333	0.261667	0.251667	0.338333
