Pos	A	C	G	T
1	0.151667	0.048333	0.696667	0.103333
2	0.241667	0.08	0.206667	0.471667
3	0.19	0.605	0.066667	0.138333
4	0.095	0.375	0.016667	0.513333
5	0.768333	0.076667	0.051667	0.103333
6	0.268333	0.185	0.411667	0.135
7	0.636667	0.008333	0.351667	0.003333
8	0.011667	0.001667	0.015	0.971667
9	0.28	0.04	0.095	0.585
10	0.045	0.94	0.008333	0.006667
11	0.83	0.015	0.1	0.055
12	0.415	0.066667	0.11	0.408333
13	0.13	0.071667	0.058333	0.74
14	0.008333	0.081667	0.846667	0.063333
15	0.475	0.165	0.046667	0.313333
