Pos	A	C	G	T
1	0.245	0.168333	0.075	0.511667
2	0.25	0.145	0.118333	0.486667
3	0.133333	0.086667	0.108333	0.671667
4	0.066667	0.255	0.021667	0.656667
5	0.273333	0.173333	0.06	0.493333
6	0.466667	0.248333	0.138333	0.146667
7	0.0	1.0	0.0	0.0
8	0.0	0.005	0.0	0.995
9	0.0	0.0	0.0	1.0
10	0.0	0.0	0.0	1.0
11	0.188333	0.0	0.0	0.811667
12	0.063333	0.12	0.093333	0.723333
13	0.171667	0.346667	0.231667	0.25
14	0.218333	0.256667	0.121667	0.403333
15	0.183333	0.175	0.11	0.531667
16	0.16	0.196667	0.088333	0.555
17	0.17	0.188333	0.091667	0.55
18	0.18	0.205	0.09	0.525
19	0.23	0.181667	0.088333	0.5
20	0.203333	0.185	0.101667	0.51
21	0.158333	0.255	0.111667	0.475
