Pos	A	C	G	T
1	0.27349	0.181208	0.112416	0.432886
2	0.270134	0.166107	0.120805	0.442953
3	0.271812	0.169463	0.13255	0.426174
4	0.295302	0.105705	0.125839	0.473154
5	0.243289	0.11745	0.124161	0.515101
6	0.139262	0.050336	0.052013	0.758389
7	0.010067	0.040268	0.021812	0.927852
8	0.0	0.008389	0.006711	0.984899
9	0.0	0.016779	0.0	0.983221
10	0.0	0.0	1.0	0.0
11	0.0	0.0	0.021812	0.978188
12	0.018456	0.946309	0.0	0.035235
13	0.052013	0.104027	0.555369	0.288591
14	0.015101	0.033557	0.07047	0.880872
15	0.095638	0.166107	0.057047	0.681208
16	0.145973	0.0	0.0	0.854027
17	0.224832	0.045302	0.013423	0.716443
18	0.119128	0.38255	0.323826	0.174497
19	0.078859	0.22651	0.065436	0.629195
20	0.239933	0.092282	0.350671	0.317114
