Pos	A	C	G	T
1	0.198997	0.200669	0.157191	0.443144
2	0.198997	0.198997	0.125418	0.476589
3	0.244147	0.175585	0.073579	0.506689
4	0.215719	0.083612	0.110368	0.590301
5	0.16388	0.120401	0.063545	0.652174
6	0.204013	0.117057	0.100334	0.578595
7	0.381271	0.046823	0.423077	0.148829
8	0.038462	0.774247	0.0	0.187291
9	0.0	1.0	0.0	0.0
10	0.0	0.0	0.0	1.0
11	0.0	0.0	0.0	1.0
12	0.0	0.0	0.0	1.0
13	0.0301	0.0	0.0	0.9699
14	0.058528	0.080268	0.063545	0.797659
15	0.180602	0.277592	0.183946	0.35786
16	0.237458	0.242475	0.125418	0.394649
17	0.190635	0.180602	0.122074	0.506689
18	0.205686	0.160535	0.16388	0.4699
19	0.22408	0.177258	0.117057	0.481605
