Pos	A	C	G	T
1	0.296108	0.137056	0.253807	0.313029
2	0.250423	0.159052	0.187817	0.402707
3	0.27242	0.241963	0.111675	0.373942
4	0.255499	0.128596	0.15736	0.458545
5	0.160745	0.159052	0.179357	0.500846
6	0.081218	0.228426	0.047377	0.642978
7	0.269036	0.108291	0.07445	0.548223
8	0.631134	0.130288	0.225042	0.013536
9	0.0	1.0	0.0	0.0
10	0.0	0.010152	0.0	0.989848
11	0.0	0.0	0.0	1.0
12	0.0	0.0	0.0	1.0
13	0.179357	0.010152	0.037225	0.773266
14	0.049069	0.086294	0.05753	0.807107
15	0.167513	0.316413	0.291032	0.225042
16	0.245347	0.201354	0.167513	0.385787
17	0.218274	0.211506	0.120135	0.450085
18	0.184433	0.189509	0.093063	0.532995
19	0.160745	0.164129	0.133672	0.541455
20	0.192893	0.258883	0.126904	0.42132
21	0.21489	0.169205	0.084602	0.531303
