Pos	A	C	G	T
1	0.288333	0.13	0.085	0.496667
2	0.258333	0.105	0.096667	0.54
3	0.193333	0.083333	0.098333	0.625
4	0.093333	0.208333	0.021667	0.676667
5	0.388333	0.176667	0.046667	0.388333
6	0.53	0.28	0.101667	0.088333
7	0.0	1.0	0.0	0.0
8	0.0	0.0	0.0	1.0
9	0.0	0.0	0.0	1.0
10	0.0	0.0	0.0	1.0
11	0.145	0.0	0.0	0.855
12	0.031667	0.078333	0.045	0.845
13	0.21	0.213333	0.281667	0.295
14	0.231667	0.228333	0.185	0.355
15	0.198333	0.188333	0.133333	0.48
16	0.215	0.175	0.111667	0.498333
17	0.201667	0.181667	0.146667	0.47
18	0.286667	0.181667	0.106667	0.425
19	0.278333	0.133333	0.083333	0.505
