Pos	A	C	G	T
1	0.168333	0.13	0.238333	0.463333
2	0.125	0.251667	0.085	0.538333
3	0.295	0.185	0.045	0.475
4	0.531667	0.23	0.141667	0.096667
5	0.0	1.0	0.0	0.0
6	0.0	0.0	0.0	1.0
7	0.0	0.0	0.001667	0.998333
8	0.0	0.0	0.0	1.0
9	0.225	0.0	0.0	0.775
10	0.065	0.091667	0.016667	0.826667
11	0.215	0.291667	0.293333	0.2
12	0.215	0.351667	0.178333	0.255
13	0.145	0.315	0.095	0.445
14	0.138333	0.163333	0.093333	0.605
15	0.148333	0.091667	0.098333	0.661667
16	0.173333	0.2	0.08	0.546667
17	0.21	0.153333	0.091667	0.545
18	0.22	0.153333	0.146667	0.48
19	0.128333	0.223333	0.191667	0.456667
