Pos	A	C	G	T
1	0.183333	0.198333	0.105	0.513333
2	0.225	0.09	0.118333	0.566667
3	0.135	0.063333	0.135	0.666667
4	0.186667	0.068333	0.203333	0.541667
5	0.121667	0.455	0.036667	0.386667
6	0.631667	0.233333	0.058333	0.076667
7	0.0	1.0	0.0	0.0
8	0.0	0.015	0.0	0.985
9	0.0	0.001667	0.0	0.998333
10	0.0	0.0	0.001667	0.998333
11	0.175	0.001667	0.013333	0.81
12	0.091667	0.118333	0.056667	0.733333
13	0.205	0.331667	0.156667	0.306667
14	0.215	0.245	0.121667	0.418333
15	0.158333	0.238333	0.101667	0.501667
16	0.17	0.19	0.091667	0.548333
17	0.125	0.201667	0.125	0.548333
18	0.198333	0.168333	0.103333	0.53
19	0.17	0.175	0.1	0.555
20	0.228333	0.196667	0.143333	0.431667
21	0.201667	0.233333	0.136667	0.428333
