Pos	A	C	G	T
1	0.241667	0.226667	0.133333	0.398333
2	0.216667	0.228333	0.173333	0.381667
3	0.153333	0.281667	0.136667	0.428333
4	0.185	0.323333	0.095	0.396667
5	0.133333	0.255	0.07	0.541667
6	0.135	0.178333	0.103333	0.583333
7	0.145	0.273333	0.056667	0.525
8	0.17	0.225	0.123333	0.481667
9	0.176667	0.198333	0.103333	0.521667
10	0.151667	0.236667	0.085	0.526667
11	0.188333	0.111667	0.116667	0.583333
12	0.111667	0.138333	0.115	0.635
13	0.078333	0.281667	0.028333	0.611667
14	0.268333	0.155	0.071667	0.505
15	0.34	0.243333	0.261667	0.155
16	0.0	1.0	0.0	0.0
17	0.0	0.023333	0.0	0.976667
18	0.0	0.011667	0.0	0.988333
19	0.0	0.0	0.0	1.0
20	0.241667	0.048333	0.0	0.71
21	0.098333	0.175	0.173333	0.553333
