Pos	A	C	G	T
1	0.105263	0.05848	0.780702	0.055556
2	0.845029	0.005848	0.023392	0.125731
3	0.052632	0.061404	0.038012	0.847953
4	0.005848	0.175439	0.707602	0.111111
5	0.856725	0.038012	0.076023	0.02924
6	0.099415	0.049708	0.011696	0.839181
7	0.052632	0.032164	0.871345	0.04386
8	0.894737	0.020468	0.049708	0.035088
9	0.055556	0.038012	0.005848	0.900585
10	0.049708	0.178363	0.710526	0.061404
11	0.856725	0.017544	0.073099	0.052632
12	0.055556	0.011696	0.020468	0.912281
13	0.052632	0.04386	0.883041	0.020468
14	0.961988	0.0	0.035088	0.002924
15	0.011696	0.020468	0.0	0.967836
16	0.023392	0.210526	0.745614	0.020468
17	0.94152	0.0	0.046784	0.011696
18	0.040936	0.01462	0.0	0.944444
19	0.04386	0.251462	0.695906	0.008772
