Pos	A	C	G	T
1	0.045	0.785	0.013333	0.156667
2	0.085	0.566667	0.041667	0.306667
3	0.071667	0.128333	0.078333	0.721667
4	0.041667	0.798333	0.008333	0.151667
5	0.171667	0.588333	0.028333	0.211667
6	0.088333	0.108333	0.028333	0.775
7	0.018333	0.823333	0.015	0.143333
8	0.153333	0.671667	0.008333	0.166667
9	0.106667	0.065	0.053333	0.775
10	0.053333	0.825	0.018333	0.103333
11	0.16	0.63	0.031667	0.178333
12	0.121667	0.046667	0.015	0.816667
13	0.043333	0.885	0.005	0.066667
14	0.13	0.696667	0.015	0.158333
15	0.083333	0.053333	0.066667	0.796667
16	0.041667	0.826667	0.013333	0.118333
17	0.138333	0.7	0.025	0.136667
18	0.178333	0.048333	0.056667	0.716667
19	0.04	0.858333	0.02	0.081667
