Pos	A	C	G	T
1	0.21	0.166667	0.18	0.443333
2	0.22	0.171667	0.158333	0.45
3	0.216667	0.188333	0.116667	0.478333
4	0.241667	0.135	0.14	0.483333
5	0.161667	0.11	0.146667	0.581667
6	0.076667	0.251667	0.055	0.616667
7	0.226667	0.146667	0.025	0.601667
8	0.565	0.133333	0.231667	0.07
9	0.0	1.0	0.0	0.0
10	0.001667	0.005	0.0	0.993333
11	0.0	0.0	0.0	1.0
12	0.0	0.0	0.0	1.0
13	0.175	0.0	0.0	0.825
14	0.088333	0.116667	0.101667	0.693333
15	0.155	0.328333	0.283333	0.233333
16	0.175	0.305	0.135	0.385
17	0.141667	0.205	0.098333	0.555
18	0.1	0.181667	0.09	0.628333
19	0.153333	0.145	0.108333	0.593333
20	0.155	0.193333	0.126667	0.525
21	0.176667	0.156667	0.093333	0.573333
