Pos	A	C	G	T
1	0.052632	0.671053	0.030702	0.245614
2	0.864035	0.04386	0.065789	0.026316
3	0.144737	0.008772	0.807018	0.039474
4	0.763158	0.0	0.105263	0.131579
5	0.013158	0.008772	0.017544	0.960526
6	0.894737	0.013158	0.092105	0.0
7	0.517544	0.184211	0.087719	0.210526
8	0.359649	0.434211	0.092105	0.114035
9	0.850877	0.035088	0.078947	0.035088
10	0.109649	0.850877	0.0	0.039474
11	0.008772	0.973684	0.0	0.017544
12	0.0	0.026316	0.008772	0.964912
13	0.263158	0.223684	0.355263	0.157895
14	0.241228	0.47807	0.109649	0.171053
15	0.381579	0.346491	0.131579	0.140351
16	0.223684	0.407895	0.065789	0.302632
17	0.337719	0.236842	0.144737	0.280702
18	0.399123	0.070175	0.197368	0.333333
