Pos	A	C	G	T
1	0.205	0.198333	0.126667	0.47
2	0.236667	0.188333	0.098333	0.476667
3	0.2	0.155	0.14	0.505
4	0.256667	0.141667	0.038333	0.563333
5	0.191667	0.165	0.125	0.518333
6	0.195	0.165	0.136667	0.503333
7	0.185	0.253333	0.078333	0.483333
8	0.145	0.145	0.113333	0.596667
9	0.14	0.128333	0.155	0.576667
10	0.111667	0.226667	0.03	0.631667
11	0.303333	0.13	0.078333	0.488333
12	0.38	0.19	0.191667	0.238333
13	0.0	1.0	0.0	0.0
14	0.0	0.015	0.0	0.985
15	0.0	0.001667	0.0	0.998333
16	0.0	0.0	0.0	1.0
17	0.155	0.073333	0.038333	0.733333
18	0.128333	0.135	0.108333	0.628333
19	0.24	0.23	0.26	0.27
