Pos	A	C	G	T
1	0.176744	0.255814	0.395349	0.172093
2	0.172093	0.386047	0.274419	0.167442
3	0.134884	0.311628	0.427907	0.125581
4	0.274419	0.353488	0.237209	0.134884
5	0.083721	0.218605	0.465116	0.232558
6	0.134884	0.106977	0.162791	0.595349
7	0.181395	0.186047	0.362791	0.269767
8	0.334884	0.111628	0.24186	0.311628
9	0.395349	0.195349	0.176744	0.232558
10	0.195349	0.306977	0.176744	0.32093
11	0.125581	0.367442	0.07907	0.427907
12	0.181395	0.362791	0.018605	0.437209
13	0.009302	0.939535	0.023256	0.027907
14	1.0	0.0	0.0	0.0
15	0.0	1.0	0.0	0.0
16	0.0	0.0	1.0	0.0
17	0.004651	0.995349	0.0	0.0
18	0.0	0.0	1.0	0.0
19	0.0	1.0	0.0	0.0
20	0.046512	0.604651	0.069767	0.27907
21	0.209302	0.055814	0.293023	0.44186
