Pos	A	C	G	T
1	0.082005	0.726651	0.018223	0.173121
2	0.088838	0.036446	0.797267	0.077449
3	0.036446	0.302961	0.653759	0.006834
4	0.050114	0.936219	0.002278	0.01139
5	0.020501	0.0	0.927107	0.052392
6	0.157175	0.041002	0.678815	0.123007
7	0.476082	0.250569	0.125285	0.148064
8	0.378132	0.022779	0.437358	0.161731
9	0.430524	0.050114	0.353075	0.166287
10	0.410023	0.232346	0.036446	0.321185
11	0.220957	0.118451	0.371298	0.289294
12	0.287016	0.116173	0.530752	0.066059
13	0.123007	0.813212	0.0	0.063781
14	0.004556	0.004556	0.986333	0.004556
15	0.0	0.148064	0.84738	0.004556
16	0.225513	0.626424	0.031891	0.116173
17	0.077449	0.022779	0.824601	0.075171
18	0.236902	0.041002	0.61959	0.102506
19	0.405467	0.280182	0.107062	0.207289
20	0.214123	0.059226	0.503417	0.223235
21	0.357631	0.125285	0.343964	0.173121
