Pos	A	C	G	T
1	0.04	0.586667	0.34	0.033333
2	0.048333	0.951667	0.0	0.0
3	0.115	0.078333	0.678333	0.128333
4	0.068333	0.108333	0.681667	0.141667
5	0.69	0.01	0.195	0.105
6	0.693333	0.003333	0.211667	0.091667
7	0.785	0.011667	0.126667	0.076667
8	0.643333	0.081667	0.018333	0.256667
9	0.17	0.218333	0.123333	0.488333
10	0.23	0.495	0.171667	0.103333
11	0.155	0.608333	0.063333	0.173333
12	0.0	0.001667	0.966667	0.031667
13	0.016667	0.283333	0.671667	0.028333
14	0.426667	0.386667	0.068333	0.118333
15	0.246667	0.026667	0.576667	0.15
16	0.266667	0.145	0.413333	0.175
17	0.41	0.216667	0.131667	0.241667
18	0.393333	0.1	0.285	0.221667
19	0.381667	0.14	0.2	0.278333
