Pos	A	C	G	T
1	0.218045	0.37218	0.139098	0.270677
2	0.18609	0.197368	0.406015	0.210526
3	0.097744	0.144737	0.084586	0.672932
4	0.082707	0.755639	0.037594	0.12406
5	0.169173	0.011278	0.817669	0.00188
6	0.009398	0.960526	0.011278	0.018797
7	0.0	1.0	0.0	0.0
8	0.0	0.0	1.0	0.0
9	0.005639	0.0	0.992481	0.00188
10	0.825188	0.114662	0.016917	0.043233
11	0.265038	0.015038	0.68985	0.030075
12	0.569549	0.120301	0.109023	0.201128
13	0.409774	0.148496	0.080827	0.360902
14	0.276316	0.120301	0.231203	0.37218
15	0.214286	0.218045	0.212406	0.355263
