Pos	A	C	G	T
1	0.025	0.745	0.215	0.015
2	0.018333	0.976667	0.005	0.0
3	0.113333	0.078333	0.626667	0.181667
4	0.075	0.116667	0.63	0.178333
5	0.723333	0.005	0.215	0.056667
6	0.791667	0.0	0.131667	0.076667
7	0.903333	0.008333	0.043333	0.045
8	0.666667	0.028333	0.018333	0.286667
9	0.143333	0.231667	0.071667	0.553333
10	0.175	0.658333	0.115	0.051667
11	0.178333	0.626667	0.043333	0.151667
12	0.0	0.0	0.991667	0.008333
13	0.011667	0.233333	0.716667	0.038333
14	0.461667	0.205	0.155	0.178333
15	0.348333	0.066667	0.376667	0.208333
