Pos	A	C	G	T
1	0.200698	0.125654	0.399651	0.273997
2	0.204188	0.198953	0.516579	0.080279
3	0.097731	0.788831	0.006981	0.106457
4	0.092496	0.012216	0.82199	0.073298
5	0.04363	0.200698	0.746946	0.008726
6	0.092496	0.884817	0.0	0.022688
7	0.033159	0.00349	0.917976	0.045375
8	0.089005	0.034904	0.77836	0.097731
9	0.422339	0.352531	0.078534	0.146597
10	0.232112	0.005236	0.612565	0.150087
11	0.324607	0.062827	0.502618	0.109948
12	0.34904	0.371728	0.010471	0.268761
13	0.183246	0.054101	0.551483	0.211169
14	0.198953	0.099476	0.673647	0.027923
15	0.207679	0.69459	0.005236	0.092496
16	0.0	0.001745	0.972077	0.026178
17	0.036649	0.095986	0.858639	0.008726
18	0.268761	0.560209	0.029668	0.141361
19	0.113438	0.001745	0.82548	0.059337
20	0.164049	0.048866	0.710297	0.076789
21	0.450262	0.22164	0.08726	0.240838
