Pos	A	C	G	T
1	0.491667	0.13	0.076667	0.301667
2	0.545	0.135	0.081667	0.238333
3	0.511667	0.283333	0.073333	0.131667
4	0.233333	0.376667	0.193333	0.196667
5	0.021667	0.316667	0.116667	0.545
6	0.098333	0.096667	0.003333	0.801667
7	0.986667	0.0	0.013333	0.0
8	0.996667	0.0	0.003333	0.0
9	0.0	0.995	0.0	0.005
10	0.008333	0.728333	0.0	0.263333
11	0.545	0.161667	0.246667	0.046667
12	0.15	0.123333	0.113333	0.613333
13	0.563333	0.02	0.371667	0.045
14	0.146667	0.116667	0.63	0.106667
15	0.103333	0.098333	0.031667	0.766667
16	0.158333	0.163333	0.013333	0.665
17	0.715	0.071667	0.046667	0.166667
18	0.586667	0.108333	0.14	0.165
19	0.436667	0.21	0.136667	0.216667
20	0.413333	0.213333	0.038333	0.335
