Pos	A	C	G	T
1	0.459954	0.256293	0.112128	0.171625
2	0.345538	0.265446	0.141876	0.24714
3	0.036613	0.375286	0.12357	0.464531
4	0.107551	0.04119	0.009153	0.842105
5	0.949657	0.006865	0.018307	0.025172
6	0.990847	0.0	0.0	0.009153
7	0.002288	0.98627	0.0	0.011442
8	0.0	0.732265	0.0	0.267735
9	0.585812	0.084668	0.265446	0.064073
10	0.057208	0.167048	0.089245	0.686499
11	0.402746	0.006865	0.590389	0.0
12	0.20595	0.043478	0.686499	0.064073
13	0.025172	0.128146	0.018307	0.828375
14	0.050343	0.199085	0.0	0.750572
15	0.640732	0.06865	0.155606	0.135011
16	0.656751	0.043478	0.116705	0.183066
17	0.439359	0.17849	0.203661	0.17849
18	0.423341	0.187643	0.057208	0.331808
19	0.19222	0.336384	0.125858	0.345538
