Pos	A	C	G	T
1	0.026801	0.973199	0.0	0.0
2	0.204355	0.067002	0.499162	0.229481
3	0.108878	0.154104	0.551089	0.18593
4	0.457286	0.093802	0.226131	0.222781
5	0.262982	0.001675	0.041876	0.693467
6	0.117253	0.040201	0.0134	0.829146
7	0.082077	0.150754	0.00335	0.763819
8	0.090452	0.165829	0.035176	0.708543
9	0.211055	0.58794	0.144054	0.056951
10	0.169179	0.59799	0.072027	0.160804
11	0.0	0.0	1.0	0.0
12	0.001675	0.286432	0.711893	0.0
13	0.371859	0.370184	0.105528	0.152429
14	0.333333	0.073702	0.465662	0.127303
15	0.443886	0.139028	0.271357	0.145729
