Pos	A	C	G	T
1	0.113208	0.655232	0.046312	0.185249
2	0.135506	0.042882	0.715266	0.106346
3	0.018868	0.418525	0.562607	0.0
4	0.053173	0.939966	0.0	0.006861
5	0.041166	0.0	0.958834	0.0
6	0.202401	0.099485	0.548885	0.149228
7	0.538593	0.142367	0.168096	0.150943
8	0.442539	0.017153	0.317324	0.222985
9	0.454545	0.046312	0.217839	0.281304
10	0.336192	0.161235	0.039451	0.463122
11	0.200686	0.128645	0.265866	0.404803
12	0.284734	0.149228	0.495712	0.070326
13	0.049743	0.898799	0.0	0.051458
14	0.005146	0.0	0.989708	0.005146
15	0.003431	0.070326	0.915952	0.010292
16	0.243568	0.524871	0.034305	0.197256
17	0.157804	0.034305	0.747856	0.060034
