Pos	A	C	G	T
1	0.201754	0.046053	0.138158	0.614035
2	0.111842	0.815789	0.010965	0.061404
3	0.026316	0.708333	0.008772	0.256579
4	0.572368	0.160088	0.085526	0.182018
5	0.699561	0.04386	0.065789	0.190789
6	0.936404	0.004386	0.008772	0.050439
7	0.717105	0.063596	0.013158	0.20614
8	0.765351	0.061404	0.061404	0.111842
9	0.410088	0.032895	0.08114	0.475877
10	0.188596	0.024123	0.763158	0.024123
11	0.010965	0.0	0.975877	0.013158
12	0.903509	0.032895	0.0	0.063596
13	0.964912	0.008772	0.0	0.026316
14	0.938596	0.015351	0.024123	0.02193
15	0.116228	0.214912	0.541667	0.127193
