Pos	A	C	G	T
1	0.21489	0.460237	0.116751	0.208122
2	0.279188	0.126904	0.340102	0.253807
3	0.133672	0.590525	0.071066	0.204738
4	0.182741	0.56176	0.089679	0.165821
5	0.230118	0.101523	0.494078	0.174281
6	0.099831	0.656514	0.087986	0.155668
7	0.1489	0.639594	0.079526	0.13198
8	0.309645	0.084602	0.424704	0.181049
9	0.084602	0.605753	0.07445	0.235195
10	0.162437	0.629442	0.010152	0.19797
11	0.338409	0.050761	0.338409	0.27242
12	0.040609	0.654822	0.094755	0.209814
13	0.233503	0.72758	0.020305	0.018613
14	0.060914	0.001692	0.861252	0.076142
15	0.0	0.989848	0.005076	0.005076
16	0.052453	0.944162	0.0	0.003384
17	0.104907	0.0	0.869712	0.025381
18	0.0	0.886633	0.00846	0.104907
19	0.013536	0.967851	0.0	0.018613
20	0.34687	0.0	0.544839	0.108291
