Pos	A	C	G	T
1	0.388333	0.155	0.196667	0.26
2	0.355	0.281667	0.158333	0.205
3	0.673333	0.041667	0.113333	0.171667
4	0.185	0.541667	0.113333	0.16
5	0.035	0.883333	0.0	0.081667
6	1.0	0.0	0.0	0.0
7	1.0	0.0	0.0	0.0
8	0.0	0.0	0.0	1.0
9	0.646667	0.03	0.041667	0.281667
10	1.0	0.0	0.0	0.0
11	0.0	0.0	0.0	1.0
12	0.093333	0.008333	0.068333	0.83
13	0.153333	0.015	0.661667	0.17
14	0.425	0.1	0.235	0.24
15	0.368333	0.173333	0.21	0.248333
16	0.285	0.241667	0.221667	0.251667
17	0.32	0.265	0.131667	0.283333
18	0.343333	0.201667	0.093333	0.361667
19	0.36	0.111667	0.116667	0.411667
20	0.435	0.106667	0.09	0.368333
21	0.368333	0.141667	0.085	0.405
