Pos	A	C	G	T
1	0.252505	0.164329	0.266533	0.316633
2	0.422846	0.128257	0.184369	0.264529
3	0.376754	0.086172	0.092184	0.44489
4	0.330661	0.132265	0.268537	0.268537
5	0.450902	0.168337	0.142285	0.238477
6	0.470942	0.066132	0.298597	0.164329
7	0.0	0.0	1.0	0.0
8	0.995992	0.0	0.004008	0.0
9	0.0	0.0	0.0	1.0
10	0.993988	0.0	0.006012	0.0
11	0.997996	0.0	0.002004	0.0
12	0.0	0.016032	0.95992	0.024048
13	0.480962	0.098196	0.342685	0.078156
14	0.198397	0.124248	0.072144	0.60521
15	0.336673	0.130261	0.118236	0.41483
16	0.456914	0.102204	0.214429	0.226453
17	0.294589	0.168337	0.236473	0.300601
18	0.312625	0.158317	0.290581	0.238477
