Pos	A	C	G	T
1	0.267631	0.298373	0.132007	0.301989
2	0.289331	0.198915	0.106691	0.405063
3	0.274864	0.283906	0.130199	0.311031
4	0.262206	0.321881	0.121157	0.294756
5	0.379747	0.195298	0.117541	0.307414
6	0.356239	0.179024	0.173599	0.291139
7	0.341772	0.242315	0.104882	0.311031
8	0.381555	0.195298	0.148282	0.274864
9	0.262206	0.265823	0.16094	0.311031
10	0.285714	0.22604	0.155515	0.332731
11	0.083183	0.372514	0.095841	0.448463
12	0.099458	0.385172	0.090416	0.424955
13	0.104882	0.500904	0.014467	0.379747
14	0.998192	0.001808	0.0	0.0
15	0.0	1.0	0.0	0.0
16	0.0	1.0	0.0	0.0
17	0.453888	0.001808	0.003617	0.540687
18	0.998192	0.0	0.001808	0.0
19	0.20434	0.772152	0.014467	0.009042
20	0.083183	0.589512	0.019892	0.307414
21	0.41953	0.090416	0.023508	0.466546
