Pos	A	C	G	T
1	0.209106	0.397976	0.129848	0.263069
2	0.313659	0.232715	0.185497	0.268128
3	0.320405	0.281619	0.155143	0.242833
4	0.244519	0.344013	0.084317	0.32715
5	0.305228	0.217538	0.145025	0.332209
6	0.293423	0.266442	0.163575	0.27656
7	0.202361	0.387858	0.124789	0.284992
8	0.160202	0.333895	0.10118	0.404722
9	0.072513	0.470489	0.035413	0.421585
10	0.0	0.804384	0.005059	0.190556
11	0.993255	0.006745	0.0	0.0
12	0.075885	0.920742	0.003373	0.0
13	0.0	1.0	0.0	0.0
14	0.669477	0.006745	0.015177	0.3086
15	0.993255	0.0	0.006745	0.0
16	0.155143	0.831366	0.0	0.013491
17	0.013491	0.762226	0.0	0.224283
18	0.340641	0.46543	0.074199	0.11973
19	0.173693	0.67285	0.011804	0.141653
20	0.322091	0.340641	0.104553	0.232715
21	0.325464	0.273187	0.150084	0.251265
