Pos	A	C	G	T
1	0.529412	0.132353	0.205882	0.132353
2	0.367647	0.044118	0.161765	0.426471
3	0.220588	0.264706	0.191176	0.323529
4	0.426471	0.176471	0.132353	0.264706
5	0.235294	0.088235	0.279412	0.397059
6	0.411765	0.132353	0.191176	0.264706
7	0.161765	0.411765	0.117647	0.308824
8	0.338235	0.235294	0.161765	0.264706
9	0.176471	0.294118	0.308824	0.220588
10	0.455882	0.205882	0.25	0.088235
11	0.308824	0.073529	0.191176	0.426471
12	0.294118	0.117647	0.352941	0.235294
13	0.382353	0.117647	0.147059	0.352941
14	0.264706	0.25	0.25	0.235294
15	0.426471	0.308824	0.132353	0.132353
16	0.308824	0.147059	0.132353	0.411765
17	0.352941	0.25	0.117647	0.279412
18	0.794118	0.044118	0.161765	0.0
19	0.5	0.044118	0.132353	0.323529
20	0.279412	0.044118	0.676471	0.0
21	0.0	0.0	0.823529	0.176471
22	0.529412	0.323529	0.014706	0.132353
23	0.985294	0.0	0.0	0.014706
24	0.0	0.029412	0.0	0.970588
25	1.0	0.0	0.0	0.0
26	0.0	0.0	0.0	1.0
27	0.044118	0.073529	0.058824	0.823529
28	0.0	1.0	0.0	0.0
29	0.014706	0.205882	0.514706	0.264706
