Pos	A	C	G	T
1	0.100167	0.377295	0.118531	0.404007
2	0.081803	0.480801	0.198664	0.238731
3	0.006678	0.549249	0.0	0.444073
4	1.0	0.0	0.0	0.0
5	0.09182	0.904841	0.0	0.003339
6	0.0	1.0	0.0	0.0
7	0.323873	0.041736	0.0	0.634391
8	1.0	0.0	0.0	0.0
9	0.597663	0.400668	0.0	0.001669
10	0.011686	0.888147	0.0	0.100167
11	0.445743	0.116861	0.245409	0.191987
12	0.222037	0.338898	0.080134	0.358932
13	0.253756	0.275459	0.101836	0.368948
14	0.36227	0.227045	0.141903	0.268781
15	0.250417	0.307179	0.155259	0.287145
16	0.292154	0.295492	0.128548	0.283806
17	0.297162	0.258765	0.160267	0.283806
18	0.248748	0.33222	0.138564	0.280467
19	0.318865	0.225376	0.133556	0.322204
20	0.287145	0.253756	0.198664	0.260434
21	0.27212	0.30384	0.15025	0.27379
