Pos	A	C	G	T
1	0.305743	0.393581	0.125	0.175676
2	0.271959	0.222973	0.246622	0.258446
3	0.692568	0.021959	0.079392	0.206081
4	0.949324	0.0	0.003378	0.047297
5	0.942568	0.0	0.057432	0.0
6	0.0625	0.9375	0.0	0.0
7	0.0	1.0	0.0	0.0
8	0.001689	0.998311	0.0	0.0
9	0.0	0.0	0.0	1.0
10	1.0	0.0	0.0	0.0
11	0.766892	0.005068	0.228041	0.0
12	0.364865	0.236486	0.040541	0.358108
13	0.138514	0.347973	0.064189	0.449324
14	0.201014	0.402027	0.116554	0.280405
15	0.158784	0.297297	0.150338	0.393581
16	0.418919	0.158784	0.152027	0.27027
17	0.434122	0.160473	0.153716	0.251689
18	0.373311	0.22973	0.089527	0.307432
19	0.356419	0.222973	0.128378	0.29223
20	0.25	0.368243	0.126689	0.255068
21	0.236486	0.300676	0.128378	0.334459
