Pos	A	C	G	T
1	0.194915	0.140678	0.454237	0.210169
2	0.210169	0.055932	0.037288	0.69661
3	0.425424	0.022034	0.157627	0.394915
4	0.301695	0.128814	0.276271	0.29322
5	0.013559	0.977966	0.001695	0.00678
6	0.0	0.0	0.162712	0.837288
7	0.0	0.0	0.0	1.0
8	0.116949	0.445763	0.371186	0.066102
9	0.276271	0.145763	0.045763	0.532203
10	0.20678	0.237288	0.167797	0.388136
11	0.225424	0.394915	0.177966	0.201695
12	0.242373	0.318644	0.125424	0.313559
13	0.394915	0.066102	0.116949	0.422034
14	0.00339	0.638983	0.09661	0.261017
15	1.0	0.0	0.0	0.0
16	0.476271	0.523729	0.0	0.0
17	0.018644	0.0	0.908475	0.072881
18	0.135593	0.405085	0.108475	0.350847
19	0.364407	0.159322	0.042373	0.433898
20	0.644068	0.020339	0.011864	0.323729
21	0.128814	0.562712	0.10339	0.205085
22	0.261017	0.367797	0.094915	0.276271
