Pos	A	C	G	T
1	0.018333	0.483333	0.001667	0.496667
2	0.145	0.008333	0.653333	0.193333
3	0.11	0.695	0.156667	0.038333
4	0.0	1.0	0.0	0.0
5	0.0	0.005	0.988333	0.006667
6	0.0	0.001667	0.168333	0.83
7	0.301667	0.21	0.31	0.178333
8	0.301667	0.175	0.24	0.283333
9	0.285	0.266667	0.126667	0.321667
10	0.296667	0.273333	0.18	0.25
11	0.226667	0.188333	0.218333	0.366667
12	0.203333	0.356667	0.108333	0.331667
13	0.238333	0.273333	0.196667	0.291667
14	0.523333	0.451667	0.008333	0.016667
15	0.046667	0.881667	0.056667	0.015
16	0.023333	0.0	0.938333	0.038333
17	0.08	0.356667	0.233333	0.33
18	0.218333	0.385	0.01	0.386667
19	0.59	0.013333	0.32	0.076667
20	0.113333	0.421667	0.053333	0.411667
