Pos	A	C	G	T
1	0.112416	0.560403	0.04698	0.280201
2	0.88255	0.068792	0.016779	0.031879
3	0.657718	0.238255	0.020134	0.083893
4	0.0	0.902685	0.013423	0.083893
5	0.181208	0.29698	0.058725	0.463087
6	0.555369	0.182886	0.134228	0.127517
7	0.07047	0.822148	0.016779	0.090604
8	0.041946	0.748322	0.0	0.209732
9	0.966443	0.0	0.010067	0.02349
10	0.607383	0.364094	0.006711	0.021812
11	0.020134	0.968121	0.0	0.011745
12	0.241611	0.295302	0.052013	0.411074
13	0.697987	0.078859	0.162752	0.060403
14	0.310403	0.486577	0.035235	0.167785
15	0.253356	0.421141	0.021812	0.303691
16	0.281879	0.239933	0.058725	0.419463
17	0.293624	0.285235	0.087248	0.333893
18	0.333893	0.243289	0.107383	0.315436
