Pos	A	C	G	T
1	0.282313	0.04932	0.102041	0.566327
2	0.270408	0.027211	0.238095	0.464286
3	0.287415	0.17517	0.284014	0.253401
4	0.107143	0.777211	0.0	0.115646
5	0.103741	0.107143	0.552721	0.236395
6	0.248299	0.02551	0.098639	0.627551
7	0.314626	0.164966	0.360544	0.159864
8	0.285714	0.158163	0.073129	0.482993
9	0.290816	0.244898	0.134354	0.329932
10	0.25	0.244898	0.192177	0.312925
11	0.294218	0.214286	0.188776	0.302721
12	0.547619	0.088435	0.12415	0.239796
13	0.054422	0.535714	0.10034	0.309524
14	1.0	0.0	0.0	0.0
15	0.003401	0.996599	0.0	0.0
16	0.0	0.0	1.0	0.0
17	0.034014	0.234694	0.221088	0.510204
18	0.678571	0.27381	0.0	0.047619
19	0.785714	0.02381	0.010204	0.180272
