Pos	A	C	G	T
1	0.253076	0.151142	0.358524	0.237258
2	0.02109	0.001757	0.003515	0.973638
3	0.202109	0.019332	0.133568	0.644991
4	0.300527	0.12478	0.376098	0.198594
5	0.02109	0.970123	0.0	0.008787
6	0.005272	0.0	0.43761	0.557118
7	0.0	0.0	0.00703	0.99297
8	0.149385	0.135325	0.702988	0.012302
9	0.130053	0.142355	0.035149	0.692443
10	0.237258	0.156415	0.237258	0.369069
11	0.224956	0.256591	0.181019	0.337434
12	0.202109	0.268893	0.115993	0.413005
13	0.516696	0.043937	0.13181	0.307557
14	0.003515	0.732865	0.010545	0.253076
15	1.0	0.0	0.0	0.0
16	0.221441	0.778559	0.0	0.0
17	0.00703	0.0	0.952548	0.040422
18	0.075571	0.330404	0.094903	0.499121
