Pos	A	C	G	T
1	0.232218	0.267782	0.020921	0.479079
2	0.966527	0.0	0.018828	0.014644
3	0.788703	0.211297	0.0	0.0
4	0.014644	0.985356	0.0	0.0
5	0.083682	0.263598	0.359833	0.292887
6	0.248954	0.006276	0.682008	0.062762
7	0.441423	0.110879	0.037657	0.410042
8	0.5	0.202929	0.018828	0.278243
9	0.456067	0.064854	0.046025	0.433054
10	0.278243	0.066946	0.0	0.654812
11	0.962343	0.002092	0.01046	0.025105
12	0.830544	0.165272	0.002092	0.002092
13	0.0	0.981172	0.006276	0.012552
14	0.066946	0.341004	0.297071	0.294979
15	0.196653	0.006276	0.753138	0.043933
16	0.328452	0.205021	0.041841	0.424686
17	0.334728	0.324268	0.031381	0.309623
18	0.439331	0.123431	0.100418	0.33682
19	0.317992	0.286611	0.100418	0.294979
