Pos	A	C	G	T
1	0.163333	0.065	0.015	0.756667
2	0.428333	0.018333	0.298333	0.255
3	0.508333	0.156667	0.225	0.11
4	0.02	0.976667	0.0	0.003333
5	0.0	0.0	0.183333	0.816667
6	0.0	0.0	0.0	1.0
7	0.043333	0.041667	0.895	0.02
8	0.166667	0.26	0.238333	0.335
9	0.283333	0.108333	0.191667	0.416667
10	0.221667	0.398333	0.168333	0.211667
11	0.396667	0.276667	0.108333	0.218333
12	0.265	0.263333	0.266667	0.205
13	0.023333	0.926667	0.041667	0.008333
14	0.998333	0.0	0.001667	0.0
15	0.826667	0.166667	0.005	0.001667
16	0.001667	0.001667	0.996667	0.0
17	0.026667	0.216667	0.005	0.751667
18	0.013333	0.215	0.0	0.771667
19	0.55	0.015	0.006667	0.428333
20	0.145	0.426667	0.053333	0.375
21	0.113333	0.565	0.116667	0.205
