Pos	A	C	G	T
1	0.234848	0.502525	0.078283	0.184343
2	0.287879	0.156566	0.247475	0.308081
3	0.151515	0.477273	0.118687	0.252525
4	0.103535	0.530303	0.10101	0.265152
5	0.219697	0.222222	0.330808	0.227273
6	0.093434	0.545455	0.174242	0.186869
7	0.136364	0.565657	0.128788	0.169192
8	0.237374	0.189394	0.320707	0.252525
9	0.166667	0.429293	0.146465	0.257576
10	0.227273	0.45202	0.083333	0.237374
11	0.363636	0.055556	0.171717	0.409091
12	0.103535	0.434343	0.123737	0.338384
13	0.181818	0.719697	0.002525	0.09596
14	0.277778	0.042929	0.325758	0.353535
15	0.027778	0.835859	0.0	0.136364
16	0.025253	0.974747	0.0	0.0
17	0.209596	0.0	0.712121	0.078283
18	0.0	0.883838	0.0	0.116162
19	0.012626	0.987374	0.0	0.0
20	0.19697	0.0	0.691919	0.111111
21	0.098485	0.308081	0.186869	0.406566
