Pos	A	C	G	T
1	0.262542	0.145485	0.090301	0.501672
2	0.165552	0.095318	0.192308	0.546823
3	0.103679	0.185619	0.071906	0.638796
4	0.133779	0.202341	0.028428	0.635452
5	0.662207	0.018395	0.277592	0.041806
6	0.0	1.0	0.0	0.0
7	0.0	0.086957	0.0	0.913043
8	0.0	0.0	0.0	1.0
9	0.0	0.0	0.0	1.0
10	0.165552	0.025084	0.0	0.809365
11	0.088629	0.113712	0.120401	0.677258
12	0.198997	0.294314	0.229097	0.277592
13	0.200669	0.267559	0.157191	0.374582
14	0.210702	0.192308	0.113712	0.483278
15	0.137124	0.219064	0.080268	0.563545
16	0.148829	0.173913	0.078595	0.598662
17	0.130435	0.19398	0.091973	0.583612
18	0.157191	0.138796	0.090301	0.613712
19	0.187291	0.138796	0.157191	0.516722
20	0.183946	0.192308	0.165552	0.458194
21	0.180602	0.145485	0.14214	0.531773
