Pos	A	C	G	T
1	0.078464	0.0	0.003339	0.918197
2	0.116861	0.025042	0.066778	0.791319
3	0.180301	0.071786	0.682805	0.065109
4	0.020033	0.979967	0.0	0.0
5	0.0	0.0	0.292154	0.707846
6	0.0	0.0	0.0	1.0
7	0.170284	0.173623	0.552588	0.103506
8	0.300501	0.178631	0.111853	0.409015
9	0.353923	0.085142	0.230384	0.330551
10	0.265442	0.188648	0.188648	0.357262
11	0.193656	0.215359	0.128548	0.462437
12	0.203673	0.126878	0.183639	0.48581
13	0.015025	0.397329	0.09015	0.497496
14	1.0	0.0	0.0	0.0
15	0.409015	0.590985	0.0	0.0
16	0.0	0.0	0.911519	0.088481
17	0.051753	0.465776	0.055092	0.427379
18	0.440735	0.180301	0.005008	0.373957
19	0.702838	0.0	0.006678	0.290484
20	0.141903	0.440735	0.09182	0.325543
21	0.210351	0.480801	0.15025	0.158598
