Pos	A	C	G	T
1	0.070117	0.001669	0.0	0.928214
2	0.202003	0.018364	0.081803	0.69783
3	0.257095	0.086811	0.51586	0.140234
4	0.048414	0.949917	0.001669	0.0
5	0.0	0.0	0.310518	0.689482
6	0.0	0.0	0.001669	0.998331
7	0.223706	0.196995	0.525876	0.053422
8	0.375626	0.158598	0.083472	0.382304
9	0.450751	0.073456	0.180301	0.295492
10	0.30384	0.148581	0.148581	0.398998
11	0.186978	0.207012	0.105175	0.500835
12	0.270451	0.118531	0.193656	0.417362
13	0.003339	0.450751	0.063439	0.482471
14	1.0	0.0	0.0	0.0
15	0.267112	0.732888	0.0	0.0
16	0.008347	0.0	0.891486	0.100167
17	0.023372	0.45409	0.03005	0.492487
18	0.39399	0.146912	0.006678	0.452421
19	0.813022	0.003339	0.005008	0.178631
20	0.170284	0.435726	0.073456	0.320534
21	0.193656	0.520868	0.1202	0.165275
