Pos	A	C	G	T
1	0.421053	0.084211	0.368421	0.126316
2	0.2	0.221053	0.2	0.378947
3	0.294737	0.189474	0.284211	0.231579
4	0.252632	0.157895	0.389474	0.2
5	0.221053	0.105263	0.378947	0.294737
6	0.305263	0.378947	0.157895	0.157895
7	0.252632	0.421053	0.115789	0.210526
8	0.326316	0.378947	0.136842	0.157895
9	0.368421	0.115789	0.273684	0.242105
10	0.357895	0.178947	0.231579	0.231579
11	0.242105	0.263158	0.326316	0.168421
12	0.421053	0.126316	0.189474	0.263158
13	0.189474	0.115789	0.452632	0.242105
14	0.452632	0.084211	0.294737	0.168421
15	0.326316	0.105263	0.357895	0.210526
16	0.231579	0.157895	0.389474	0.221053
17	0.505263	0.126316	0.231579	0.136842
18	0.242105	0.231579	0.357895	0.168421
19	0.178947	0.021053	0.642105	0.157895
20	0.094737	0.084211	0.273684	0.547368
21	0.042105	0.0	0.863158	0.094737
22	0.0	0.0	1.0	0.0
23	0.0	0.010526	0.989474	0.0
24	0.263158	0.084211	0.568421	0.084211
25	0.0	1.0	0.0	0.0
26	0.0	1.0	0.0	0.0
27	0.0	1.0	0.0	0.0
28	0.884211	0.052632	0.063158	0.0
29	0.0	0.884211	0.073684	0.042105
30	0.378947	0.168421	0.073684	0.378947
