Pos	A	C	G	T
1	0.254902	0.149733	0.301248	0.294118
2	0.044563	0.001783	0.003565	0.950089
3	0.197861	0.019608	0.158645	0.623886
4	0.354724	0.163993	0.237077	0.244207
5	0.019608	0.973262	0.0	0.00713
6	0.003565	0.012478	0.358289	0.625668
7	0.032086	0.001783	0.003565	0.962567
8	0.163993	0.180036	0.623886	0.032086
9	0.167558	0.172906	0.030303	0.629234
10	0.201426	0.237077	0.204991	0.356506
11	0.278075	0.327986	0.160428	0.233512
12	0.244207	0.297683	0.098039	0.360071
13	0.631016	0.039216	0.144385	0.185383
14	0.0	0.800357	0.01426	0.185383
15	1.0	0.0	0.0	0.0
16	0.306595	0.693405	0.0	0.0
17	0.0	0.0	0.976827	0.023173
18	0.067736	0.352941	0.048128	0.531194
19	0.438503	0.144385	0.005348	0.411765
20	0.860963	0.0	0.0	0.139037
21	0.144385	0.447415	0.083779	0.324421
