Pos	A	C	G	T
1	0.008811	0.991189	0.0	0.0
2	0.0	0.0	0.299559	0.700441
3	0.0	0.0	0.0	1.0
4	0.180617	0.176211	0.621145	0.022026
5	0.23348	0.162996	0.114537	0.488987
6	0.229075	0.215859	0.220264	0.334802
7	0.193833	0.312775	0.189427	0.303965
8	0.334802	0.277533	0.101322	0.286344
9	0.656388	0.008811	0.189427	0.145374
10	0.0	0.814978	0.0	0.185022
11	1.0	0.0	0.0	0.0
12	0.123348	0.876652	0.0	0.0
13	0.0	0.0	0.995595	0.004405
14	0.044053	0.378855	0.105727	0.471366
15	0.378855	0.215859	0.013216	0.39207
16	0.885463	0.008811	0.008811	0.096916
17	0.171806	0.418502	0.136564	0.273128
18	0.123348	0.651982	0.101322	0.123348
19	0.193833	0.092511	0.123348	0.590308
