Pos	A	C	G	T
1	0.058981	0.002681	0.005362	0.932976
2	0.075067	0.024129	0.104558	0.796247
3	0.174263	0.067024	0.680965	0.077748
4	0.018767	0.978552	0.0	0.002681
5	0.0	0.0	0.308311	0.691689
6	0.002681	0.0	0.005362	0.991957
7	0.190349	0.217158	0.533512	0.058981
8	0.294906	0.174263	0.120643	0.410188
9	0.329759	0.126005	0.22252	0.321716
10	0.246649	0.257373	0.16622	0.329759
11	0.179625	0.27882	0.120643	0.420912
12	0.265416	0.13941	0.265416	0.329759
13	0.016086	0.592493	0.053619	0.337802
14	0.997319	0.0	0.002681	0.0
15	0.367292	0.632708	0.0	0.0
16	0.002681	0.002681	0.954424	0.040214
17	0.040214	0.434316	0.08311	0.442359
18	0.383378	0.16622	0.010724	0.439678
19	0.747989	0.010724	0.0	0.241287
20	0.147453	0.439678	0.112601	0.300268
21	0.128686	0.487936	0.187668	0.19571
22	0.217158	0.136729	0.142091	0.504021
23	0.241287	0.297587	0.128686	0.33244
