Pos	A	C	G	T
1	0.358586	0.065657	0.200337	0.375421
2	0.240741	0.030303	0.252525	0.476431
3	0.186869	0.203704	0.213805	0.395623
4	0.138047	0.626263	0.03367	0.20202
5	0.294613	0.148148	0.291246	0.265993
6	0.486532	0.037037	0.114478	0.361953
7	0.341751	0.161616	0.26431	0.232323
8	0.208754	0.117845	0.063973	0.609428
9	0.265993	0.228956	0.151515	0.353535
10	0.262626	0.262626	0.16835	0.306397
11	0.267677	0.190236	0.190236	0.351852
12	0.513468	0.048822	0.151515	0.286195
13	0.001684	0.723906	0.005051	0.26936
14	1.0	0.0	0.0	0.0
15	0.001684	0.998316	0.0	0.0
16	0.0	0.0	1.0	0.0
17	0.043771	0.114478	0.257576	0.584175
18	0.597643	0.341751	0.003367	0.057239
19	0.710438	0.0	0.005051	0.284512
20	0.119529	0.523569	0.090909	0.265993
21	0.074074	0.328283	0.053872	0.543771
