Pos	A	C	G	T
1	0.194937	0.091139	0.450633	0.263291
2	0.091139	0.027848	0.875949	0.005063
3	0.0	0.096203	0.002532	0.901266
4	0.055696	0.002532	0.939241	0.002532
5	0.0	0.0	0.994937	0.005063
6	0.017722	0.0	0.982278	0.0
7	0.562025	0.058228	0.24557	0.134177
8	0.002532	0.936709	0.0	0.060759
9	0.0	0.997468	0.0	0.002532
10	0.0	0.959494	0.0	0.040506
11	0.946835	0.002532	0.048101	0.002532
12	0.010127	0.840506	0.032911	0.116456
13	0.268354	0.086076	0.420253	0.225316
14	0.260759	0.075949	0.43038	0.232911
15	0.220253	0.382278	0.232911	0.164557
16	0.486076	0.106329	0.146835	0.260759
17	0.536709	0.197468	0.139241	0.126582
18	0.486076	0.124051	0.225316	0.164557
19	0.177215	0.129114	0.2	0.493671
20	0.121519	0.144304	0.518987	0.21519
21	0.167089	0.151899	0.486076	0.194937
