Pos	A	C	G	T
1	0.247019	0.20954	0.350937	0.192504
2	0.206133	0.286201	0.124361	0.383305
3	0.183986	0.001704	0.797274	0.017036
4	0.609881	0.134583	0.064736	0.190801
5	0.0	0.994889	0.0	0.005111
6	0.003407	0.194208	0.453152	0.349233
7	0.129472	0.264055	0.201022	0.405451
8	0.015332	0.017036	0.0	0.967632
9	0.015332	0.051107	0.0	0.93356
10	0.022147	0.763203	0.148211	0.06644
11	0.528109	0.068143	0.396934	0.006814
12	0.240204	0.110733	0.243612	0.405451
13	0.180579	0.686542	0.030664	0.102215
14	0.0	0.0	0.015332	0.984668
15	0.069847	0.165247	0.015332	0.749574
16	0.018739	0.9523	0.008518	0.020443
17	0.020443	0.725724	0.006814	0.247019
18	0.156729	0.369676	0.09029	0.383305
19	0.226576	0.357751	0.155026	0.260647
