Pos	A	C	G	T
1	0.603361	0.070588	0.247059	0.078992
2	0.036975	0.011765	0.934454	0.016807
3	0.944538	0.010084	0.02521	0.020168
4	0.910924	0.006723	0.021849	0.060504
5	0.102521	0.194958	0.556303	0.146218
6	0.243697	0.405042	0.215126	0.136134
7	0.141176	0.033613	0.015126	0.810084
8	0.036975	0.005042	0.016807	0.941176
9	0.013445	0.944538	0.018487	0.023529
10	0.05042	0.141176	0.07395	0.734454
11	0.763025	0.038655	0.176471	0.021849
12	0.013445	0.015126	0.954622	0.016807
13	0.912605	0.02521	0.021849	0.040336
14	0.72437	0.047059	0.104202	0.12437
15	0.228571	0.218487	0.393277	0.159664
