Pos	A	C	G	T
1	0.205567	0.207709	0.139186	0.447537
2	0.20985	0.37045	0.074946	0.344754
3	0.175589	0.404711	0.098501	0.321199
4	0.06424	0.659529	0.021413	0.254818
5	0.987152	0.004283	0.0	0.008565
6	0.749465	0.175589	0.021413	0.053533
7	0.0	0.965739	0.0	0.034261
8	0.167024	0.214133	0.019272	0.599572
9	0.631692	0.149893	0.094218	0.124197
10	0.139186	0.734475	0.057816	0.068522
11	0.068522	0.695931	0.0	0.235546
12	0.937901	0.006424	0.006424	0.049251
13	0.72591	0.252677	0.0	0.021413
14	0.019272	0.965739	0.012848	0.002141
15	0.220557	0.37045	0.036403	0.372591
16	0.723769	0.055675	0.175589	0.044968
17	0.349036	0.453961	0.029979	0.167024
18	0.284797	0.376874	0.010707	0.327623
