Pos	A	C	G	T
1	0.365482	0.081218	0.263959	0.28934
2	0.294416	0.182741	0.22335	0.299492
3	0.395939	0.177665	0.243655	0.182741
4	0.639594	0.040609	0.213198	0.106599
5	0.791878	0.040609	0.116751	0.050761
6	0.725888	0.015228	0.030457	0.228426
7	0.0	0.228426	0.005076	0.766497
8	0.005076	0.263959	0.680203	0.050761
9	0.461929	0.0	0.472081	0.06599
10	0.898477	0.0	0.096447	0.005076
11	0.0	0.86802	0.005076	0.126904
12	0.0	0.0	1.0	0.0
13	0.0	0.0	1.0	0.0
14	0.015228	0.314721	0.0	0.670051
15	0.010152	0.263959	0.253807	0.472081
16	0.213198	0.182741	0.563452	0.040609
17	0.786802	0.040609	0.106599	0.06599
18	0.045685	0.025381	0.873096	0.055838
19	0.949239	0.015228	0.035533	0.0
20	0.13198	0.020305	0.015228	0.832487
21	0.045685	0.116751	0.121827	0.715736
