Pos	A	C	G	T
1	0.519164	0.121951	0.221254	0.137631
2	0.271777	0.21777	0.343206	0.167247
3	0.625436	0.050523	0.134146	0.189895
4	0.733449	0.045296	0.038328	0.182927
5	0.585366	0.087108	0.181185	0.146341
6	0.761324	0.080139	0.10453	0.054007
7	0.531359	0.3223	0.10453	0.041812
8	0.059233	0.0	0.933798	0.006969
9	0.998258	0.001742	0.0	0.0
10	0.0	0.998258	0.0	0.001742
11	0.989547	0.0	0.010453	0.0
12	0.95993	0.015679	0.02439	0.0
13	0.790941	0.04878	0.132404	0.027875
14	0.614983	0.073171	0.163763	0.148084
15	0.486063	0.141115	0.144599	0.228223
16	0.433798	0.156794	0.134146	0.275261
17	0.465157	0.123693	0.196864	0.214286
18	0.423345	0.174216	0.198606	0.203833
19	0.416376	0.116725	0.224739	0.24216
20	0.454704	0.121951	0.188153	0.235192
21	0.432056	0.156794	0.181185	0.229965
