Pos	A	C	G	T
1	0.695755	0.146226	0.113208	0.044811
2	0.799528	0.03066	0.007075	0.162736
3	0.042453	0.049528	0.009434	0.898585
4	0.073113	0.82783	0.033019	0.066038
5	0.07783	0.132075	0.040094	0.75
6	0.058962	0.540094	0.188679	0.212264
7	0.504717	0.183962	0.301887	0.009434
8	0.695755	0.002358	0.290094	0.011792
9	0.011792	0.933962	0.002358	0.051887
10	0.009434	0.985849	0.0	0.004717
11	0.167453	0.0	0.794811	0.037736
12	0.004717	0.120283	0.007075	0.867925
13	0.120283	0.370283	0.004717	0.504717
14	0.040094	0.636792	0.308962	0.014151
15	0.735849	0.018868	0.238208	0.007075
