Pos	A	C	G	T
1	0.28547	0.37094	0.112821	0.230769
2	0.620513	0.087179	0.208547	0.083761
3	0.210256	0.331624	0.323077	0.135043
4	0.680342	0.011966	0.071795	0.235897
5	0.846154	0.001709	0.001709	0.150427
6	0.641026	0.070085	0.14188	0.147009
7	0.91453	0.039316	0.041026	0.005128
8	0.208547	0.682051	0.075214	0.034188
9	0.006838	0.0	0.989744	0.003419
10	0.991453	0.008547	0.0	0.0
11	0.0	1.0	0.0	0.0
12	1.0	0.0	0.0	0.0
13	0.958974	0.011966	0.023932	0.005128
14	0.88547	0.030769	0.063248	0.020513
15	0.682051	0.070085	0.076923	0.17094
16	0.447863	0.14359	0.117949	0.290598
17	0.482051	0.116239	0.109402	0.292308
18	0.369231	0.152137	0.22735	0.251282
