Pos	A	C	G	T
1	0.410163	0.181488	0.22323	0.185118
2	0.417423	0.212341	0.139746	0.23049
3	0.388385	0.257713	0.136116	0.217786
4	0.486388	0.15971	0.094374	0.259528
5	0.502722	0.107078	0.088929	0.30127
6	0.676951	0.009074	0.3049	0.009074
7	0.00363	0.00363	0.987296	0.005445
8	0.001815	0.038113	0.0	0.960073
9	0.00726	0.989111	0.00363	0.0
10	0.985481	0.0	0.009074	0.005445
11	0.981851	0.0	0.0	0.018149
12	0.128857	0.836661	0.0	0.034483
13	0.107078	0.07804	0.633394	0.181488
14	0.297641	0.295826	0.185118	0.221416
15	0.248639	0.272232	0.096189	0.38294
16	0.326679	0.15608	0.245009	0.272232
17	0.333938	0.166969	0.257713	0.241379
18	0.23775	0.128857	0.219601	0.413793
19	0.203267	0.172414	0.201452	0.422868
