Pos	A	C	G	T
1	0.288344	0.128834	0.128834	0.453988
2	0.472393	0.128834	0.177914	0.220859
3	0.337423	0.07362	0.331288	0.257669
4	0.503067	0.110429	0.153374	0.233129
5	0.509202	0.116564	0.134969	0.239264
6	0.263804	0.177914	0.312883	0.245399
7	0.392638	0.190184	0.177914	0.239264
8	0.300613	0.282209	0.165644	0.251534
9	0.515337	0.202454	0.147239	0.134969
10	0.638037	0.239264	0.067485	0.055215
11	0.96319	0.0	0.018405	0.018405
12	1.0	0.0	0.0	0.0
13	0.993865	0.0	0.006135	0.0
14	0.01227	0.0	0.97546	0.01227
15	0.0	0.153374	0.006135	0.840491
16	0.0	1.0	0.0	0.0
17	0.993865	0.0	0.006135	0.0
18	0.993865	0.0	0.0	0.006135
19	0.190184	0.797546	0.006135	0.006135
20	0.018405	0.06135	0.846626	0.07362
21	0.361963	0.306748	0.226994	0.104294
