Pos	A	C	G	T
1	0.344595	0.238739	0.108108	0.308559
2	0.394144	0.166667	0.186937	0.252252
3	0.423423	0.123874	0.218468	0.234234
4	0.286036	0.247748	0.173423	0.292793
5	0.34009	0.268018	0.166667	0.225225
6	0.414414	0.148649	0.144144	0.292793
7	0.470721	0.114865	0.117117	0.297297
8	0.603604	0.018018	0.337838	0.040541
9	0.0	0.0	1.0	0.0
10	0.0	0.0	0.0	1.0
11	0.004505	0.995495	0.0	0.0
12	1.0	0.0	0.0	0.0
13	1.0	0.0	0.0	0.0
14	0.015766	0.970721	0.0	0.013514
15	0.128378	0.063063	0.644144	0.164414
16	0.277027	0.297297	0.198198	0.227477
17	0.277027	0.265766	0.121622	0.335586
18	0.310811	0.130631	0.292793	0.265766
19	0.301802	0.114865	0.290541	0.292793
20	0.18018	0.121622	0.25	0.448198
