Pos	A	C	G	T
1	0.270916	0.131474	0.306773	0.290837
2	0.23506	0.12749	0.326693	0.310757
3	0.286853	0.223108	0.250996	0.239044
4	0.302789	0.183267	0.179283	0.334661
5	0.342629	0.231076	0.10757	0.318725
6	0.434263	0.139442	0.131474	0.294821
7	0.430279	0.131474	0.290837	0.14741
8	0.358566	0.25498	0.139442	0.247012
9	0.342629	0.294821	0.151394	0.211155
10	0.494024	0.12749	0.139442	0.239044
11	0.521912	0.111554	0.155378	0.211155
12	0.749004	0.0	0.250996	0.0
13	0.0	0.0	1.0	0.0
14	0.0	0.0	0.0	1.0
15	0.003984	0.996016	0.0	0.0
16	1.0	0.0	0.0	0.0
17	1.0	0.0	0.0	0.0
18	0.027888	0.972112	0.0	0.0
19	0.119522	0.067729	0.673307	0.139442
