Pos	A	C	G	T
1	0.213	0.279	0.177	0.33
2	0.298	0.314	0.092	0.296
3	0.106	0.622	0.142	0.13
4	0.973	0.001	0.007	0.019
5	0.001	0.979	0.001	0.019
6	0.003	0.001	0.87	0.126
7	0.001	0.924	0.001	0.074
8	0.075	0.008	0.799	0.118
9	0.089	0.761	0.001	0.149
10	0.096	0.351	0.215	0.339
11	0.236	0.189	0.183	0.392
12	0.22	0.296	0.206	0.279
